129.5 133.0
59.5 61.0
15.97 337.0
110.68 407.0
114.76 412.0
130.06 374.0
127.24 354.0
63.705 391.0
127.835 414.0
32.9 161.0
63.17 402.0
120.93 402.0
59.64 278.0
40.78 105.0
50.36 117.0
51.7 123.0
61.22 279.0
43.78 114.0
40.94 105.0
29.94 77.0
136.94 344.0
111.12 382.0
109.46 400.0
137.56 397.0
21.5 62.0
9.1 27.0
2.6 3.0
129.8 185.0
135.3 184.0
148.6 377.0
200.3 251.0
139.1 252.0
160.2 418.0
184.7 409.0
174.8 507.0
64.6 218.0
34.9 74.0
11.1 52.0
32.0 86.0
38.2 89.0
4.4 20.0
11.5 90.0
10.7 73.0
2.4 5.0
2.92 22.0
8.66 80.0
11.06 73.0
50.92 114.0
11.76 191.0
9.14 95.0
20.6 111.0
56.84 225.0
22.78 98.0
48.08 121.0
21.28 89.0
73.3 277.0
18.36 115.0
6.52 61.0
3.63 43.0
14.54 120.0
13.68 107.0
27.44 238.0
68.22 198.0
67.26 120.0
62.32 151.0
55.27 137.0
66.92 341.0
63.61 138.0
