2.103 11.0
1.192 13.0
0.866 10.0
1.407 30.0
5.185 29.0
5.905 24.0
5.958 30.0
5.831 30.0
6.1 28.0
6.827 50.0
6.617 42.0
6.574 38.0
7.486 39.0
7.576 36.0
7.686 51.0
9.218 55.0
9.195 57.0
9.119 46.0
9.872 44.0
10.474 60.0
8.761 61.0
10.699 52.0
10.574 66.0
10.254 66.0
10.35 53.0
10.456 55.0
10.524 48.0
9.216 55.0
9.057 43.0
9.485 64.0
10.011 53.0
9.383 56.0
10.088 50.0
9.722 51.0
10.244 54.0
10.56 296.0
9.046 57.0
9.742 57.0
9.689 74.0
9.519 66.0
9.634 47.0
9.336 46.0
9.415 58.0
8.503 57.0
9.405 49.0
9.768 53.0
8.694 57.0
9.657 49.0
9.534 50.0
10.391 52.0
9.147 45.0
9.104 40.0
9.904 49.0
9.274 68.0
10.148 51.0
10.048 54.0
9.838 59.0
10.036 56.0
9.397 43.0
10.24 57.0
9.318 64.0
10.321 54.0
9.046 48.0
9.499 55.0
8.574 44.0
9.308 64.0
9.16 246.0
8.489 38.0
9.475 56.0
10.259 50.0
9.792 45.0
8.775 50.0
10.936 84.0
10.331 54.0
9.214 50.0
9.199 52.0
8.785 41.0
9.007 51.0
9.112 53.0
9.653 48.0
9.674 69.0
10.132 52.0
9.364 45.0
9.15 53.0
9.953 56.0
10.007 54.0
9.143 51.0
8.999 44.0
9.506 212.0
9.385 50.0
9.702 58.0
9.972 61.0
9.695 69.0
9.536 50.0
8.672 43.0
8.782 46.0
8.913 70.0
8.784 45.0
9.231 43.0
9.403 53.0
9.231 45.0
10.176 53.0
9.553 41.0
