1.018 10
2.512 20
2.605 25.0
2.683 20.0
2.766 21.0
3.236 25.0
3.485 25.0
3.668 21.0
4.138 63.0
5.534 34.0
6.043 36.0
6.138 42.0
3.905 46.0
3.566 35.0
3.991 28.0
13.717 65.0
10.502 62.0
9.95 70.0
9.208 52.0
8.801 51.0
9.456 50.0
9.105 66.0
8.055 55.0
8.236 48.0
8.372 53.0
8.163 48.0
9.298 55.0
8.935 60.0
9.531 78.0
8.522 63.0
7.998 60.0
7.564 48.0
10.02 49.0
12.08 83.0
12.929 124.0
10.41 68.0
13.011 57.0
16.315 80.0
17.49 265.0
17.465 97.0
18.163 91.0
16.663 70.0
15.885 84.0
17.415 323.0
17.508 84.0
16.888 87.0
