[1,  2000] loss: 0.520
[1,  4000] loss: 0.495
[1,  6000] loss: 0.453
[1,  2000] loss: 0.521
[1,  4000] loss: 0.488
[1,  6000] loss: 0.447
[1,  8000] loss: 0.502
[1, 10000] loss: 0.649
[1, 12000] loss: 0.471
[1, 14000] loss: 0.507
[1, 16000] loss: 0.478
[1, 18000] loss: 0.495
[1, 20000] loss: 0.491
[1, 22000] loss: 0.479
[1, 24000] loss: 0.588
[1, 26000] loss: 0.478
[1, 28000] loss: 0.487
[1, 30000] loss: 0.490
[1, 32000] loss: 0.480
[1, 34000] loss: 0.485
[1, 36000] loss: 0.519
[1, 38000] loss: 0.513
[2,  2000] loss: 0.485
[2,  4000] loss: 0.457
[2,  6000] loss: 0.418
[2,  8000] loss: 0.464
[2, 10000] loss: 0.604
[2, 12000] loss: 0.445
[2, 14000] loss: 0.470
[2, 16000] loss: 0.447
[2, 18000] loss: 0.466
[2, 20000] loss: 0.463
[2, 22000] loss: 0.452
[2, 24000] loss: 0.561
[2, 26000] loss: 0.452
[2, 28000] loss: 0.455
[2, 30000] loss: 0.461
[2, 32000] loss: 0.448
[2, 34000] loss: 0.460
[2, 36000] loss: 0.487
[2, 38000] loss: 0.487
[3,  2000] loss: 0.457
[3,  4000] loss: 0.432
[3,  6000] loss: 0.394
[3,  8000] loss: 0.439
[3, 10000] loss: 0.595
[3, 12000] loss: 0.416
[3, 14000] loss: 0.447
[3, 16000] loss: 0.420
[3, 18000] loss: 0.442
[3, 20000] loss: 0.443
[3, 22000] loss: 0.433
[3, 24000] loss: 0.555
[3, 26000] loss: 0.433
[3, 28000] loss: 0.438
[3, 30000] loss: 0.442
[3, 32000] loss: 0.430
[3, 34000] loss: 0.443
[3, 36000] loss: 0.470
[3, 38000] loss: 0.489
[4,  2000] loss: 0.440
[4,  4000] loss: 0.414
[4,  6000] loss: 0.377
[4,  8000] loss: 0.419
[4, 10000] loss: 0.487
[4, 12000] loss: 0.394
[4, 14000] loss: 0.429
[4, 16000] loss: 0.403
[4, 18000] loss: 0.424
[4, 20000] loss: 0.424
[4, 22000] loss: 0.418
[4, 24000] loss: 0.540
[4, 26000] loss: 0.417
[4, 28000] loss: 0.424
[4, 30000] loss: 0.426
[4, 32000] loss: 0.417
[4, 34000] loss: 0.430
[4, 36000] loss: 0.459
[4, 38000] loss: 0.457
[5,  2000] loss: 0.435
[5,  4000] loss: 0.397
[5,  6000] loss: 0.373
[5,  8000] loss: 0.366
[5, 10000] loss: 0.397
[5, 12000] loss: 0.355
[5, 14000] loss: 0.383
[5, 16000] loss: 0.344
[5, 18000] loss: 0.362
[5, 20000] loss: 0.384
[5, 22000] loss: 0.384
[5, 24000] loss: 0.445
[5, 26000] loss: 0.379
[5, 28000] loss: 0.357
[5, 30000] loss: 0.381
[5, 32000] loss: 0.372
[5, 34000] loss: 0.394
[5, 36000] loss: 0.377
[5, 38000] loss: 0.385
[6,  2000] loss: 0.337
[6,  4000] loss: 0.337
[6,  6000] loss: 0.313
[6,  8000] loss: 0.345
[6, 10000] loss: 0.369
[6, 12000] loss: 0.345
[6, 14000] loss: 0.370
[6, 16000] loss: 0.343
[6, 18000] loss: 0.355
[6, 20000] loss: 0.371
[6, 22000] loss: 0.373
[6, 24000] loss: 0.431
[6, 26000] loss: 0.369
[6, 28000] loss: 0.338
[6, 30000] loss: 0.366
[6, 32000] loss: 0.363
[6, 34000] loss: 0.381
[6, 36000] loss: 0.364
[6, 38000] loss: 0.376
[7,  2000] loss: 0.327
[7,  4000] loss: 0.326
[7,  6000] loss: 0.302
[7,  8000] loss: 0.334
[7, 10000] loss: 0.358
[7, 12000] loss: 0.334
[7, 14000] loss: 0.360
[7, 16000] loss: 0.331
[7, 18000] loss: 0.342
[7, 20000] loss: 0.362
[7, 22000] loss: 0.363
[7, 24000] loss: 0.421
[7, 26000] loss: 0.359
[7, 28000] loss: 0.328
[7, 30000] loss: 0.357
[7, 32000] loss: 0.356
[7, 34000] loss: 0.373
[7, 36000] loss: 0.353
[7, 38000] loss: 0.368
[8,  2000] loss: 0.318
[8,  4000] loss: 0.318
[8,  6000] loss: 0.293
[8,  8000] loss: 0.325
[8, 10000] loss: 0.349
[8, 12000] loss: 0.326
[8, 14000] loss: 0.354
[8, 16000] loss: 0.320
[8, 18000] loss: 0.331
[8, 20000] loss: 0.357
[8, 22000] loss: 0.354
[8, 24000] loss: 0.412
[8, 26000] loss: 0.352
[8, 28000] loss: 0.320
[8, 30000] loss: 0.350
[8, 32000] loss: 0.349
[8, 34000] loss: 0.371
[8, 36000] loss: 0.344
[8, 38000] loss: 0.360
[9,  2000] loss: 0.310
[9,  4000] loss: 0.310
[9,  6000] loss: 0.286
[9,  8000] loss: 0.317
[9, 10000] loss: 0.342
[9, 12000] loss: 0.319
[9, 14000] loss: 0.345
[9, 16000] loss: 0.312
[9, 18000] loss: 0.322
[9, 20000] loss: 0.352
[9, 22000] loss: 0.346
[9, 24000] loss: 0.404
[9, 26000] loss: 0.347
[9, 28000] loss: 0.311
[9, 30000] loss: 0.341
[9, 32000] loss: 0.346
[9, 34000] loss: 0.365
[9, 36000] loss: 0.336
[9, 38000] loss: 0.354
[10,  2000] loss: 0.303
[10,  4000] loss: 0.304
[10,  6000] loss: 0.279
[10,  8000] loss: 0.311
[10, 10000] loss: 0.336
[10, 12000] loss: 0.313
[10, 14000] loss: 0.337
[10, 16000] loss: 0.304
[10, 18000] loss: 0.314
[10, 20000] loss: 0.349
[10, 22000] loss: 0.338
[10, 24000] loss: 0.398
[10, 26000] loss: 0.343
[10, 28000] loss: 0.305
[10, 30000] loss: 0.334
[10, 32000] loss: 0.340
[10, 34000] loss: 0.360
[10, 36000] loss: 0.330
[10, 38000] loss: 0.349
[11,  2000] loss: 0.297
[11,  4000] loss: 0.298
[11,  6000] loss: 0.275
[11,  8000] loss: 0.305
[11, 10000] loss: 0.330
[11, 12000] loss: 0.310
[11, 14000] loss: 0.331
[1,  2000] loss: 0.304
[1,  4000] loss: 0.317
[1,  6000] loss: 0.274
[1,  8000] loss: 0.309
[1, 10000] loss: 0.333
[1, 12000] loss: 0.310
[1, 14000] loss: 0.331
[1, 16000] loss: 0.297
[1, 18000] loss: 0.305
[1, 20000] loss: 0.343
[1, 22000] loss: 0.331
[1, 24000] loss: 0.389
[1, 26000] loss: 0.336
[1, 28000] loss: 0.298
[1, 30000] loss: 0.326
[1, 32000] loss: 0.336
[1, 34000] loss: 0.353
[1, 36000] loss: 0.322
[1, 38000] loss: 0.343
[2,  2000] loss: 0.290
[2,  4000] loss: 0.293
[2,  6000] loss: 0.266
[2,  8000] loss: 0.296
[2, 10000] loss: 0.322
[2, 12000] loss: 0.303
[2, 14000] loss: 0.321
[2, 16000] loss: 0.290
[2, 18000] loss: 0.300
[2, 20000] loss: 0.340
[2, 22000] loss: 0.326
[2, 24000] loss: 0.383
[2, 26000] loss: 0.336
[2, 28000] loss: 0.293
[2, 30000] loss: 0.321
[2, 32000] loss: 0.333
[2, 34000] loss: 0.349
[2, 36000] loss: 0.317
[2, 38000] loss: 0.340
[3,  2000] loss: 0.285
[3,  4000] loss: 0.290
[3,  6000] loss: 0.262
[3,  8000] loss: 0.292
[3, 10000] loss: 0.319
[3, 12000] loss: 0.300
[3, 14000] loss: 0.314
[3, 16000] loss: 0.285
[3, 18000] loss: 0.292
[3, 20000] loss: 0.337
[3, 22000] loss: 0.321
[3, 24000] loss: 0.379
[3, 26000] loss: 0.333
[3, 28000] loss: 0.288
[3, 30000] loss: 0.317
[3, 32000] loss: 0.330
[3, 34000] loss: 0.346
[3, 36000] loss: 0.312
[3, 38000] loss: 0.337
[4,  2000] loss: 0.281
[4,  4000] loss: 0.286
[4,  6000] loss: 0.259
[4,  8000] loss: 0.288
[4, 10000] loss: 0.316
[4, 12000] loss: 0.296
[4, 14000] loss: 0.308
[4, 16000] loss: 0.281
[4, 18000] loss: 0.287
[4, 20000] loss: 0.336
[4, 22000] loss: 0.317
[4, 24000] loss: 0.374
[4, 26000] loss: 0.331
[4, 28000] loss: 0.284
[4, 30000] loss: 0.313
[4, 32000] loss: 0.328
[4, 34000] loss: 0.342
[4, 36000] loss: 0.307
[4, 38000] loss: 0.334
[5,  2000] loss: 0.277
[5,  4000] loss: 0.284
[5,  6000] loss: 0.256
[5,  8000] loss: 0.285
[5, 10000] loss: 0.312
[5, 12000] loss: 0.295
[5, 14000] loss: 0.303
[5, 16000] loss: 0.278
[5, 18000] loss: 0.282
[5, 20000] loss: 0.334
[5, 22000] loss: 0.312
[5, 24000] loss: 0.370
[5, 26000] loss: 0.329
[5, 28000] loss: 0.281
[5, 30000] loss: 0.310
[5, 32000] loss: 0.328
[5, 34000] loss: 0.338
[5, 36000] loss: 0.303
[5, 38000] loss: 0.332
[6,  2000] loss: 0.272
[6,  4000] loss: 0.282
[6,  6000] loss: 0.260
[6,  8000] loss: 0.282
[6, 10000] loss: 0.309
[6, 12000] loss: 0.294
[6, 14000] loss: 0.300
[6, 16000] loss: 0.275
[6, 18000] loss: 0.279
[6, 20000] loss: 0.331
[6, 22000] loss: 0.308
[6, 24000] loss: 0.366
[6, 26000] loss: 0.327
[6, 28000] loss: 0.276
[6, 30000] loss: 0.304
[6, 32000] loss: 0.323
[6, 34000] loss: 0.335
[6, 36000] loss: 0.300
[6, 38000] loss: 0.330
[7,  2000] loss: 0.269
[7,  4000] loss: 0.279
[7,  6000] loss: 0.256
[7,  8000] loss: 0.278
[7, 10000] loss: 0.306
[7, 12000] loss: 0.291
[7, 14000] loss: 0.295
[7, 16000] loss: 0.272
[7, 18000] loss: 0.274
[7, 20000] loss: 0.331
[7, 22000] loss: 0.305
[7, 24000] loss: 0.362
[7, 26000] loss: 0.325
[7, 28000] loss: 0.274
[7, 30000] loss: 0.307
[7, 32000] loss: 0.324
[7, 34000] loss: 0.333
[7, 36000] loss: 0.297
[7, 38000] loss: 0.329
[8,  2000] loss: 0.264
[8,  4000] loss: 0.273
[8,  6000] loss: 0.268
[8,  8000] loss: 0.275
[8, 10000] loss: 0.304
[8, 12000] loss: 0.290
[8, 14000] loss: 0.288
[8, 16000] loss: 0.269
[8, 18000] loss: 0.269
[8, 20000] loss: 0.328
[8, 22000] loss: 0.301
[8, 24000] loss: 0.360
[8, 26000] loss: 0.324
[8, 28000] loss: 0.271
[8, 30000] loss: 0.304
[8, 32000] loss: 0.322
[8, 34000] loss: 0.329
[8, 36000] loss: 0.293
[8, 38000] loss: 0.326
[9,  2000] loss: 0.260
[9,  4000] loss: 0.270
[9,  6000] loss: 0.263
[9,  8000] loss: 0.272
[9, 10000] loss: 0.302
[9, 12000] loss: 0.288
[9, 14000] loss: 0.283
[9, 16000] loss: 0.266
[9, 18000] loss: 0.266
[9, 20000] loss: 0.326
[9, 22000] loss: 0.298
[9, 24000] loss: 0.356
[9, 26000] loss: 0.322
[9, 28000] loss: 0.268
[9, 30000] loss: 0.301
[9, 32000] loss: 0.319
[9, 34000] loss: 0.326
[9, 36000] loss: 0.290
[9, 38000] loss: 0.323
[10,  2000] loss: 0.257
[10,  4000] loss: 0.266
[10,  6000] loss: 0.262
[10,  8000] loss: 0.269
[10, 10000] loss: 0.299
[10, 12000] loss: 0.287
[10, 14000] loss: 0.282
[10, 16000] loss: 0.263
[10, 18000] loss: 0.264
[10, 20000] loss: 0.321
[10, 22000] loss: 0.296
[10, 24000] loss: 0.353
[10, 26000] loss: 0.319
[10, 28000] loss: 0.266
[10, 30000] loss: 0.299
[10, 32000] loss: 0.317
[10, 34000] loss: 0.321
[10, 36000] loss: 0.287
[10, 38000] loss: 0.321
[11,  2000] loss: 0.253
[11,  4000] loss: 0.264
[11,  6000] loss: 0.259
[11,  8000] loss: 0.266
[11, 10000] loss: 0.297
[11, 12000] loss: 0.284
[11, 14000] loss: 0.276
[11, 16000] loss: 0.261
[11, 18000] loss: 0.259
[11, 20000] loss: 0.318
[11, 22000] loss: 0.293
[11, 24000] loss: 0.350
[11, 26000] loss: 0.317
[11, 28000] loss: 0.264
[11, 30000] loss: 0.291
[11, 32000] loss: 0.315
[11, 34000] loss: 0.316
[11, 36000] loss: 0.285
[11, 38000] loss: 0.316
[12,  2000] loss: 0.251
[12,  4000] loss: 0.264
[12,  6000] loss: 0.253
[12,  8000] loss: 0.264
[12, 10000] loss: 0.296
[12, 12000] loss: 0.280
[12, 14000] loss: 0.272
[12, 16000] loss: 0.258
[12, 18000] loss: 0.257
[12, 20000] loss: 0.316
[12, 22000] loss: 0.290
[12, 24000] loss: 0.346
[12, 26000] loss: 0.315
[12, 28000] loss: 0.262
[12, 30000] loss: 0.288
[12, 32000] loss: 0.314
[12, 34000] loss: 0.310
[12, 36000] loss: 0.282
[12, 38000] loss: 0.311
[13,  2000] loss: 0.248
[13,  4000] loss: 0.261
[13,  6000] loss: 0.250
[13,  8000] loss: 0.262
[13, 10000] loss: 0.299
[13, 12000] loss: 0.275
[13, 14000] loss: 0.268
[13, 16000] loss: 0.256
[13, 18000] loss: 0.257
[13, 20000] loss: 0.310
[13, 22000] loss: 0.289
[13, 24000] loss: 0.343
[13, 26000] loss: 0.313
[13, 28000] loss: 0.261
[13, 30000] loss: 0.286
[13, 32000] loss: 0.315
[13, 34000] loss: 0.304
[13, 36000] loss: 0.278
[13, 38000] loss: 0.306
[14,  2000] loss: 0.244
[14,  4000] loss: 0.259
[14,  6000] loss: 0.246
[14,  8000] loss: 0.261
[14, 10000] loss: 0.295
[14, 12000] loss: 0.272
[14, 14000] loss: 0.264
[14, 16000] loss: 0.255
[14, 18000] loss: 0.253
[14, 20000] loss: 0.306
[14, 22000] loss: 0.287
[14, 24000] loss: 0.338
[14, 26000] loss: 0.311
[14, 28000] loss: 0.259
[14, 30000] loss: 0.279
[14, 32000] loss: 0.304
[14, 34000] loss: 0.301
[14, 36000] loss: 0.276
[14, 38000] loss: 0.302
[15,  2000] loss: 0.241
[15,  4000] loss: 0.258
[15,  6000] loss: 0.241
[15,  8000] loss: 0.255
[15, 10000] loss: 0.290
[15, 12000] loss: 0.268
[15, 14000] loss: 0.262
[15, 16000] loss: 0.252
[15, 18000] loss: 0.251
[15, 20000] loss: 0.303
[15, 22000] loss: 0.284
[15, 24000] loss: 0.333
[15, 26000] loss: 0.310
[15, 28000] loss: 0.260
[15, 30000] loss: 0.276
[15, 32000] loss: 0.303
[15, 34000] loss: 0.296
[15, 36000] loss: 0.272
[15, 38000] loss: 0.301
[16,  2000] loss: 0.238
[16,  4000] loss: 0.258
[16,  6000] loss: 0.239
[16,  8000] loss: 0.251
[16, 10000] loss: 0.286
[16, 12000] loss: 0.266
[16, 14000] loss: 0.259
[16, 16000] loss: 0.251
[16, 18000] loss: 0.250
[16, 20000] loss: 0.303
[16, 22000] loss: 0.281
[16, 24000] loss: 0.328
[16, 26000] loss: 0.306
[16, 28000] loss: 0.261
[16, 30000] loss: 0.272
[16, 32000] loss: 0.301
[16, 34000] loss: 0.290
[16, 36000] loss: 0.270
[16, 38000] loss: 0.300
[17,  2000] loss: 0.236
[17,  4000] loss: 0.257
[17,  6000] loss: 0.235
[17,  8000] loss: 0.247
[17, 10000] loss: 0.283
[17, 12000] loss: 0.264
[17, 14000] loss: 0.255
[17, 16000] loss: 0.251
[17, 18000] loss: 0.250
[17, 20000] loss: 0.301
[17, 22000] loss: 0.279
[17, 24000] loss: 0.325
[17, 26000] loss: 0.306
[17, 28000] loss: 0.261
[17, 30000] loss: 0.270
[17, 32000] loss: 0.303
[17, 34000] loss: 0.286
[17, 36000] loss: 0.266
[17, 38000] loss: 0.304
[18,  2000] loss: 0.234
[18,  4000] loss: 0.255
[18,  6000] loss: 0.230
[18,  8000] loss: 0.246
[18, 10000] loss: 0.281
[18, 12000] loss: 0.263
[18, 14000] loss: 0.251
[18, 16000] loss: 0.249
[18, 18000] loss: 0.248
[18, 20000] loss: 0.298
[18, 22000] loss: 0.274
[18, 24000] loss: 0.327
[18, 26000] loss: 0.303
[18, 28000] loss: 0.258
[18, 30000] loss: 0.268
[18, 32000] loss: 0.302
[18, 34000] loss: 0.282
[18, 36000] loss: 0.265
[18, 38000] loss: 0.305
[19,  2000] loss: 0.232
[19,  4000] loss: 0.253
[19,  6000] loss: 0.227
[19,  8000] loss: 0.244
[19, 10000] loss: 0.281
[19, 12000] loss: 0.262
[19, 14000] loss: 0.247
[19, 16000] loss: 0.249
[19, 18000] loss: 0.246
[19, 20000] loss: 0.297
[19, 22000] loss: 0.271
[19, 24000] loss: 0.323
[19, 26000] loss: 0.300
[19, 28000] loss: 0.257
[19, 30000] loss: 0.263
[19, 32000] loss: 0.299
[19, 34000] loss: 0.279
[19, 36000] loss: 0.263
[19, 38000] loss: 0.302
[20,  2000] loss: 0.230
[20,  4000] loss: 0.253
[20,  6000] loss: 0.226
[20,  8000] loss: 0.243
[20, 10000] loss: 0.279
[20, 12000] loss: 0.260
[20, 14000] loss: 0.243
[20, 16000] loss: 0.250
[20, 18000] loss: 0.242
[20, 20000] loss: 0.293
[20, 22000] loss: 0.270
[20, 24000] loss: 0.319
[20, 26000] loss: 0.298
[20, 28000] loss: 0.255
[20, 30000] loss: 0.260
[20, 32000] loss: 0.297
[20, 34000] loss: 0.275
[20, 36000] loss: 0.261
[20, 38000] loss: 0.300
[21,  2000] loss: 0.228
[21,  4000] loss: 0.251
[21,  6000] loss: 0.224
[21,  8000] loss: 0.241
[21, 10000] loss: 0.276
[21, 12000] loss: 0.258
[21, 14000] loss: 0.241
[21, 16000] loss: 0.248
[21, 18000] loss: 0.241
[21, 20000] loss: 0.287
[21, 22000] loss: 0.271
[21, 24000] loss: 0.316
[21, 26000] loss: 0.296
[21, 28000] loss: 0.256
[21, 30000] loss: 0.260
[21, 32000] loss: 0.297
[21, 34000] loss: 0.271
[21, 36000] loss: 0.260
[21, 38000] loss: 0.298
[22,  2000] loss: 0.226
[22,  4000] loss: 0.248
[22,  6000] loss: 0.223
[22,  8000] loss: 0.238
[22, 10000] loss: 0.275
[22, 12000] loss: 0.257
[22, 14000] loss: 0.238
[22, 16000] loss: 0.247
[22, 18000] loss: 0.240
[22, 20000] loss: 0.287
[22, 22000] loss: 0.268
[22, 24000] loss: 0.312
[22, 26000] loss: 0.294
[22, 28000] loss: 0.255
[22, 30000] loss: 0.257
[22, 32000] loss: 0.295
[22, 34000] loss: 0.268
[22, 36000] loss: 0.259
[22, 38000] loss: 0.295
[23,  2000] loss: 0.224
[23,  4000] loss: 0.246
[23,  6000] loss: 0.223
[23,  8000] loss: 0.236
[23, 10000] loss: 0.273
[23, 12000] loss: 0.255
[23, 14000] loss: 0.238
[23, 16000] loss: 0.247
[23, 18000] loss: 0.238
[23, 20000] loss: 0.284
[23, 22000] loss: 0.267
[23, 24000] loss: 0.310
[23, 26000] loss: 0.292
[23, 28000] loss: 0.254
[23, 30000] loss: 0.255
[23, 32000] loss: 0.294
[23, 34000] loss: 0.266
[23, 36000] loss: 0.258
[23, 38000] loss: 0.293
[24,  2000] loss: 0.222
[24,  4000] loss: 0.243
[24,  6000] loss: 0.221
[24,  8000] loss: 0.235
[24, 10000] loss: 0.272
[24, 12000] loss: 0.253
[24, 14000] loss: 0.236
[24, 16000] loss: 0.246
[24, 18000] loss: 0.237
[24, 20000] loss: 0.282
[24, 22000] loss: 0.266
[24, 24000] loss: 0.309
[24, 26000] loss: 0.291
[24, 28000] loss: 0.253
[24, 30000] loss: 0.254
[24, 32000] loss: 0.293
[24, 34000] loss: 0.264
[24, 36000] loss: 0.256
[24, 38000] loss: 0.292
[25,  2000] loss: 0.220
[25,  4000] loss: 0.240
[25,  6000] loss: 0.221
[25,  8000] loss: 0.233
[25, 10000] loss: 0.271
[25, 12000] loss: 0.252
[25, 14000] loss: 0.234
[25, 16000] loss: 0.251
[25, 18000] loss: 0.236
[25, 20000] loss: 0.280
[25, 22000] loss: 0.264
[25, 24000] loss: 0.309
[25, 26000] loss: 0.287
[25, 28000] loss: 0.249
[25, 30000] loss: 0.251
[25, 32000] loss: 0.291
[25, 34000] loss: 0.261
[25, 36000] loss: 0.255
[25, 38000] loss: 0.291
[26,  2000] loss: 0.218
[26,  4000] loss: 0.239
[26,  6000] loss: 0.220
[26,  8000] loss: 0.231
[26, 10000] loss: 0.269
[26, 12000] loss: 0.250
[26, 14000] loss: 0.234
[26, 16000] loss: 0.243
[26, 18000] loss: 0.235
[26, 20000] loss: 0.279
[26, 22000] loss: 0.263
[26, 24000] loss: 0.307
[26, 26000] loss: 0.287
[26, 28000] loss: 0.249
[26, 30000] loss: 0.249
[26, 32000] loss: 0.291
[26, 34000] loss: 0.259
[26, 36000] loss: 0.252
[26, 38000] loss: 0.289
[27,  2000] loss: 0.217
[27,  4000] loss: 0.237
[27,  6000] loss: 0.219
[27,  8000] loss: 0.229
[27, 10000] loss: 0.267
[27, 12000] loss: 0.249
[27, 14000] loss: 0.232
[27, 16000] loss: 0.248
[27, 18000] loss: 0.234
[27, 20000] loss: 0.274
[27, 22000] loss: 0.262
[27, 24000] loss: 0.305
[27, 26000] loss: 0.287
[27, 28000] loss: 0.249
[27, 30000] loss: 0.248
[27, 32000] loss: 0.290
[27, 34000] loss: 0.258
[27, 36000] loss: 0.251
[27, 38000] loss: 0.288
[28,  2000] loss: 0.215
[28,  4000] loss: 0.236
[28,  6000] loss: 0.218
[28,  8000] loss: 0.227
[28, 10000] loss: 0.265
[28, 12000] loss: 0.247
[28, 14000] loss: 0.230
[28, 16000] loss: 0.241
[28, 18000] loss: 0.232
[28, 20000] loss: 0.272
[28, 22000] loss: 0.262
[28, 24000] loss: 0.302
[28, 26000] loss: 0.286
[28, 28000] loss: 0.248
[28, 30000] loss: 0.246
[28, 32000] loss: 0.289
[28, 34000] loss: 0.254
[28, 36000] loss: 0.251
[28, 38000] loss: 0.289
[29,  2000] loss: 0.214
[29,  4000] loss: 0.235
[29,  6000] loss: 0.217
[29,  8000] loss: 0.226
[29, 10000] loss: 0.264
[29, 12000] loss: 0.246
[29, 14000] loss: 0.232
[29, 16000] loss: 0.239
[29, 18000] loss: 0.232
[29, 20000] loss: 0.271
[29, 22000] loss: 0.261
[29, 24000] loss: 0.298
[29, 26000] loss: 0.285
[29, 28000] loss: 0.247
[29, 30000] loss: 0.245
[29, 32000] loss: 0.287
[29, 34000] loss: 0.254
[29, 36000] loss: 0.249
[29, 38000] loss: 0.288
[30,  2000] loss: 0.213
[30,  4000] loss: 0.233
[30,  6000] loss: 0.216
[30,  8000] loss: 0.225
[30, 10000] loss: 0.262
[30, 12000] loss: 0.244
[30, 14000] loss: 0.231
[30, 16000] loss: 0.238
[30, 18000] loss: 0.232
[30, 20000] loss: 0.270
[30, 22000] loss: 0.260
[30, 24000] loss: 0.296
[30, 26000] loss: 0.287
[30, 28000] loss: 0.246
[30, 30000] loss: 0.243
[30, 32000] loss: 0.286
[30, 34000] loss: 0.251
[30, 36000] loss: 0.247
[30, 38000] loss: 0.287
[31,  2000] loss: 0.212
[31,  4000] loss: 0.231
[31,  6000] loss: 0.215
[31,  8000] loss: 0.223
[31, 10000] loss: 0.261
[31, 12000] loss: 0.244
[31, 14000] loss: 0.227
[31, 16000] loss: 0.237
[31, 18000] loss: 0.232
[31, 20000] loss: 0.267
[31, 22000] loss: 0.258
[31, 24000] loss: 0.293
[31, 26000] loss: 0.286
[31, 28000] loss: 0.245
[31, 30000] loss: 0.240
[31, 32000] loss: 0.285
[31, 34000] loss: 0.248
[31, 36000] loss: 0.246
[31, 38000] loss: 0.284
[32,  2000] loss: 0.210
[32,  4000] loss: 0.230
[32,  6000] loss: 0.213
[32,  8000] loss: 0.222
[32, 10000] loss: 0.260
[32, 12000] loss: 0.242
[32, 14000] loss: 0.226
[32, 16000] loss: 0.235
[32, 18000] loss: 0.231
[32, 20000] loss: 0.266
[32, 22000] loss: 0.256
[32, 24000] loss: 0.291
[32, 26000] loss: 0.285
[32, 28000] loss: 0.245
[32, 30000] loss: 0.244
[32, 32000] loss: 0.285
[32, 34000] loss: 0.248
[32, 36000] loss: 0.245
[32, 38000] loss: 0.285
[33,  2000] loss: 0.209
[33,  4000] loss: 0.229
[33,  6000] loss: 0.212
[33,  8000] loss: 0.221
[33, 10000] loss: 0.259
[33, 12000] loss: 0.241
[33, 14000] loss: 0.224
[33, 16000] loss: 0.234
[33, 18000] loss: 0.231
[33, 20000] loss: 0.264
[33, 22000] loss: 0.255
[33, 24000] loss: 0.288
[33, 26000] loss: 0.284
[33, 28000] loss: 0.244
[33, 30000] loss: 0.243
[33, 32000] loss: 0.283
[33, 34000] loss: 0.247
[33, 36000] loss: 0.242
[33, 38000] loss: 0.283
[34,  2000] loss: 0.208
[34,  4000] loss: 0.228
[34,  6000] loss: 0.211
[34,  8000] loss: 0.220
[34, 10000] loss: 0.258
[34, 12000] loss: 0.239
[34, 14000] loss: 0.223
[34, 16000] loss: 0.232
[34, 18000] loss: 0.230
[34, 20000] loss: 0.267
[34, 22000] loss: 0.255
[34, 24000] loss: 0.287
[34, 26000] loss: 0.279
[34, 28000] loss: 0.242
[34, 30000] loss: 0.237
[34, 32000] loss: 0.281
[34, 34000] loss: 0.246
[34, 36000] loss: 0.241
[34, 38000] loss: 0.280
[35,  2000] loss: 0.207
[35,  4000] loss: 0.227
[35,  6000] loss: 0.209
[35,  8000] loss: 0.219
[35, 10000] loss: 0.257
[35, 12000] loss: 0.238
[35, 14000] loss: 0.222
[35, 16000] loss: 0.231
[35, 18000] loss: 0.228
[35, 20000] loss: 0.261
[35, 22000] loss: 0.253
[35, 24000] loss: 0.284
[35, 26000] loss: 0.282
[35, 28000] loss: 0.243
[35, 30000] loss: 0.235
[35, 32000] loss: 0.280
[35, 34000] loss: 0.245
[35, 36000] loss: 0.240
[35, 38000] loss: 0.283
[36,  2000] loss: 0.206
[36,  4000] loss: 0.226
[36,  6000] loss: 0.207
[36,  8000] loss: 0.218
[36, 10000] loss: 0.256
[36, 12000] loss: 0.236
[36, 14000] loss: 0.220
[36, 16000] loss: 0.229
[36, 18000] loss: 0.228
[36, 20000] loss: 0.260
[36, 22000] loss: 0.253
[36, 24000] loss: 0.283
[36, 26000] loss: 0.281
[36, 28000] loss: 0.242
[36, 30000] loss: 0.234
[36, 32000] loss: 0.279
[36, 34000] loss: 0.243
[36, 36000] loss: 0.238
[36, 38000] loss: 0.282
[37,  2000] loss: 0.205
[37,  4000] loss: 0.225
[37,  6000] loss: 0.206
[37,  8000] loss: 0.217
[37, 10000] loss: 0.255
[37, 12000] loss: 0.235
[37, 14000] loss: 0.219
[37, 16000] loss: 0.228
[37, 18000] loss: 0.227
[37, 20000] loss: 0.258
[37, 22000] loss: 0.252
[37, 24000] loss: 0.281
[37, 26000] loss: 0.277
[37, 28000] loss: 0.238
[37, 30000] loss: 0.234
[37, 32000] loss: 0.277
[37, 34000] loss: 0.241
[37, 36000] loss: 0.237
[37, 38000] loss: 0.281
[38,  2000] loss: 0.204
[38,  4000] loss: 0.224
[38,  6000] loss: 0.205
[38,  8000] loss: 0.216
[38, 10000] loss: 0.253
[38, 12000] loss: 0.234
[38, 14000] loss: 0.219
[38, 16000] loss: 0.227
[38, 18000] loss: 0.227
[38, 20000] loss: 0.257
[38, 22000] loss: 0.251
[38, 24000] loss: 0.279
[38, 26000] loss: 0.275
[38, 28000] loss: 0.237
[38, 30000] loss: 0.233
[38, 32000] loss: 0.276
[38, 34000] loss: 0.240
[38, 36000] loss: 0.236
[38, 38000] loss: 0.280
[39,  2000] loss: 0.203
[39,  4000] loss: 0.221
[39,  6000] loss: 0.205
[39,  8000] loss: 0.214
[39, 10000] loss: 0.252
[39, 12000] loss: 0.233
[39, 14000] loss: 0.218
[39, 16000] loss: 0.227
[39, 18000] loss: 0.226
[39, 20000] loss: 0.256
[39, 22000] loss: 0.250
[39, 24000] loss: 0.278
[39, 26000] loss: 0.274
[39, 28000] loss: 0.236
[39, 30000] loss: 0.231
[39, 32000] loss: 0.275
[39, 34000] loss: 0.245
[39, 36000] loss: 0.236
[39, 38000] loss: 0.281
[40,  2000] loss: 0.202
[40,  4000] loss: 0.222
[40,  6000] loss: 0.203
[40,  8000] loss: 0.213
[40, 10000] loss: 0.251
[40, 12000] loss: 0.231
[40, 14000] loss: 0.217
[40, 16000] loss: 0.225
[40, 18000] loss: 0.225
[40, 20000] loss: 0.255
[40, 22000] loss: 0.249
[40, 24000] loss: 0.275
[40, 26000] loss: 0.273
[40, 28000] loss: 0.235
[40, 30000] loss: 0.230
[40, 32000] loss: 0.274
[40, 34000] loss: 0.244
[40, 36000] loss: 0.235
[40, 38000] loss: 0.279
[41,  2000] loss: 0.201
[41,  4000] loss: 0.221
[41,  6000] loss: 0.201
[41,  8000] loss: 0.212
[41, 10000] loss: 0.250
[41, 12000] loss: 0.230
[41, 14000] loss: 0.216
[41, 16000] loss: 0.224
[41, 18000] loss: 0.224
[41, 20000] loss: 0.254
[41, 22000] loss: 0.248
[41, 24000] loss: 0.273
[41, 26000] loss: 0.272
[41, 28000] loss: 0.235
[41, 30000] loss: 0.229
[41, 32000] loss: 0.273
[41, 34000] loss: 0.243
[41, 36000] loss: 0.234
[41, 38000] loss: 0.278
[42,  2000] loss: 0.200
[42,  4000] loss: 0.218
[42,  6000] loss: 0.201
[42,  8000] loss: 0.211
[42, 10000] loss: 0.249
[42, 12000] loss: 0.230
[42, 14000] loss: 0.215
[42, 16000] loss: 0.223
[42, 18000] loss: 0.223
[42, 20000] loss: 0.253
[42, 22000] loss: 0.247
[42, 24000] loss: 0.272
[42, 26000] loss: 0.272
[42, 28000] loss: 0.234
[42, 30000] loss: 0.228
[42, 32000] loss: 0.273
[42, 34000] loss: 0.242
[42, 36000] loss: 0.233
[42, 38000] loss: 0.278
[43,  2000] loss: 0.199
[43,  4000] loss: 0.217
[43,  6000] loss: 0.200
[43,  8000] loss: 0.210
[43, 10000] loss: 0.247
[43, 12000] loss: 0.228
[43, 14000] loss: 0.215
[43, 16000] loss: 0.222
[43, 18000] loss: 0.223
[43, 20000] loss: 0.252
[43, 22000] loss: 0.247
[43, 24000] loss: 0.271
[43, 26000] loss: 0.271
[43, 28000] loss: 0.233
[43, 30000] loss: 0.227
[43, 32000] loss: 0.272
[43, 34000] loss: 0.242
[43, 36000] loss: 0.232
[43, 38000] loss: 0.278
[44,  2000] loss: 0.198
[44,  4000] loss: 0.217
[44,  6000] loss: 0.198
[44,  8000] loss: 0.210
[44, 10000] loss: 0.246
[44, 12000] loss: 0.228
[44, 14000] loss: 0.214
[44, 16000] loss: 0.221
[44, 18000] loss: 0.222
[44, 20000] loss: 0.250
[44, 22000] loss: 0.246
[44, 24000] loss: 0.269
[44, 26000] loss: 0.270
[44, 28000] loss: 0.232
[44, 30000] loss: 0.226
[44, 32000] loss: 0.271
[44, 34000] loss: 0.243
[44, 36000] loss: 0.232
[44, 38000] loss: 0.277
[45,  2000] loss: 0.198
[45,  4000] loss: 0.217
[45,  6000] loss: 0.197
[45,  8000] loss: 0.209
[45, 10000] loss: 0.245
[45, 12000] loss: 0.227
[45, 14000] loss: 0.213
[45, 16000] loss: 0.220
[45, 18000] loss: 0.221
[45, 20000] loss: 0.249
[45, 22000] loss: 0.245
[45, 24000] loss: 0.268
[45, 26000] loss: 0.269
[45, 28000] loss: 0.232
[45, 30000] loss: 0.227
[45, 32000] loss: 0.270
[45, 34000] loss: 0.242
[45, 36000] loss: 0.231
[45, 38000] loss: 0.277
[46,  2000] loss: 0.197
[46,  4000] loss: 0.216
[46,  6000] loss: 0.196
[46,  8000] loss: 0.208
[46, 10000] loss: 0.244
[46, 12000] loss: 0.227
[46, 14000] loss: 0.213
[46, 16000] loss: 0.220
[46, 18000] loss: 0.222
[46, 20000] loss: 0.247
[46, 22000] loss: 0.244
[46, 24000] loss: 0.267
[46, 26000] loss: 0.267
[46, 28000] loss: 0.231
[46, 30000] loss: 0.229
[46, 32000] loss: 0.269
[46, 34000] loss: 0.238
[46, 36000] loss: 0.230
[46, 38000] loss: 0.275
[47,  2000] loss: 0.196
[47,  4000] loss: 0.216
[47,  6000] loss: 0.195
[47,  8000] loss: 0.207
[47, 10000] loss: 0.242
[47, 12000] loss: 0.224
[47, 14000] loss: 0.212
[47, 16000] loss: 0.220
[47, 18000] loss: 0.221
[47, 20000] loss: 0.246
[47, 22000] loss: 0.245
[47, 24000] loss: 0.266
[47, 26000] loss: 0.266
[47, 28000] loss: 0.231
[47, 30000] loss: 0.230
[47, 32000] loss: 0.268
[47, 34000] loss: 0.237
[47, 36000] loss: 0.229
[47, 38000] loss: 0.274
[48,  2000] loss: 0.195
[48,  4000] loss: 0.215
[48,  6000] loss: 0.194
[48,  8000] loss: 0.206
[48, 10000] loss: 0.241
[48, 12000] loss: 0.223
[48, 14000] loss: 0.212
[48, 16000] loss: 0.219
[48, 18000] loss: 0.220
[48, 20000] loss: 0.244
[48, 22000] loss: 0.243
[48, 24000] loss: 0.266
[48, 26000] loss: 0.266
[48, 28000] loss: 0.232
[48, 30000] loss: 0.229
[48, 32000] loss: 0.268
[48, 34000] loss: 0.236
[48, 36000] loss: 0.228
[48, 38000] loss: 0.273
[49,  2000] loss: 0.194
[49,  4000] loss: 0.215
[49,  6000] loss: 0.194
[49,  8000] loss: 0.205
[49, 10000] loss: 0.240
[49, 12000] loss: 0.222
[49, 14000] loss: 0.209
[49, 16000] loss: 0.219
[49, 18000] loss: 0.220
[49, 20000] loss: 0.243
[49, 22000] loss: 0.242
[49, 24000] loss: 0.265
[49, 26000] loss: 0.264
[1,  2000] loss: 0.202
[1,  4000] loss: 0.219
[1,  6000] loss: 0.196
[1,  8000] loss: 0.208
[1, 10000] loss: 0.239
[1, 12000] loss: 0.220
[1, 14000] loss: 0.208
[1, 16000] loss: 0.213
[1, 18000] loss: 0.219
[1, 20000] loss: 0.243
[1, 22000] loss: 0.240
[1, 24000] loss: 0.263
[1, 26000] loss: 0.265
[1, 28000] loss: 0.233
[1, 30000] loss: 0.225
[1, 32000] loss: 0.268
[1, 34000] loss: 0.237
[1, 36000] loss: 0.228
[1, 38000] loss: 0.272
[2,  2000] loss: 0.193
[2,  4000] loss: 0.215
[2,  6000] loss: 0.193
[2,  8000] loss: 0.203
[2, 10000] loss: 0.239
[2, 12000] loss: 0.219
[2, 14000] loss: 0.208
[2, 16000] loss: 0.216
[2, 18000] loss: 0.218
[2, 20000] loss: 0.241
[2, 22000] loss: 0.239
[2, 24000] loss: 0.263
[2, 26000] loss: 0.265
[2, 28000] loss: 0.231
[2, 30000] loss: 0.227
[2, 32000] loss: 0.266
[2, 34000] loss: 0.235
[2, 36000] loss: 0.228
[2, 38000] loss: 0.272
[3,  2000] loss: 0.192
[3,  4000] loss: 0.214
[3,  6000] loss: 0.192
[3,  8000] loss: 0.202
[3, 10000] loss: 0.237
[3, 12000] loss: 0.219
[3, 14000] loss: 0.207
[3, 16000] loss: 0.215
[3, 18000] loss: 0.217
[3, 20000] loss: 0.240
[3, 22000] loss: 0.238
[3, 24000] loss: 0.263
[3, 26000] loss: 0.263
[3, 28000] loss: 0.230
[3, 30000] loss: 0.225
[3, 32000] loss: 0.266
[3, 34000] loss: 0.234
[3, 36000] loss: 0.227
[3, 38000] loss: 0.271
[4,  2000] loss: 0.192
[4,  4000] loss: 0.213
[4,  6000] loss: 0.192
[4,  8000] loss: 0.201
[4, 10000] loss: 0.237
[4, 12000] loss: 0.217
[4, 14000] loss: 0.207
[4, 16000] loss: 0.215
[4, 18000] loss: 0.216
[4, 20000] loss: 0.239
[4, 22000] loss: 0.237
[4, 24000] loss: 0.262
[4, 26000] loss: 0.262
[4, 28000] loss: 0.229
[4, 30000] loss: 0.224
[4, 32000] loss: 0.265
[4, 34000] loss: 0.233
[4, 36000] loss: 0.226
[4, 38000] loss: 0.270
[5,  2000] loss: 0.191
[5,  4000] loss: 0.213
[5,  6000] loss: 0.191
[5,  8000] loss: 0.200
[5, 10000] loss: 0.236
[5, 12000] loss: 0.216
[5, 14000] loss: 0.207
[5, 16000] loss: 0.214
[5, 18000] loss: 0.216
[5, 20000] loss: 0.238
[5, 22000] loss: 0.235
[5, 24000] loss: 0.261
[5, 26000] loss: 0.261
[5, 28000] loss: 0.227
[5, 30000] loss: 0.223
[5, 32000] loss: 0.265
[5, 34000] loss: 0.224
[5, 36000] loss: 0.227
[5, 38000] loss: 0.270
[6,  2000] loss: 0.190
[6,  4000] loss: 0.212
[6,  6000] loss: 0.190
[6,  8000] loss: 0.200
[6, 10000] loss: 0.235
[6, 12000] loss: 0.215
[6, 14000] loss: 0.205
[6, 16000] loss: 0.213
[6, 18000] loss: 0.215
[6, 20000] loss: 0.237
[6, 22000] loss: 0.234
[6, 24000] loss: 0.260
[6, 26000] loss: 0.260
[6, 28000] loss: 0.227
[6, 30000] loss: 0.222
[6, 32000] loss: 0.265
[6, 34000] loss: 0.223
[6, 36000] loss: 0.224
[6, 38000] loss: 0.268
[7,  2000] loss: 0.190
[7,  4000] loss: 0.212
[7,  6000] loss: 0.190
[7,  8000] loss: 0.199
[7, 10000] loss: 0.234
[7, 12000] loss: 0.214
[7, 14000] loss: 0.204
[7, 16000] loss: 0.212
[7, 18000] loss: 0.215
[7, 20000] loss: 0.236
[7, 22000] loss: 0.231
[7, 24000] loss: 0.260
[7, 26000] loss: 0.260
[7, 28000] loss: 0.226
[7, 30000] loss: 0.221
[7, 32000] loss: 0.265
[7, 34000] loss: 0.223
[7, 36000] loss: 0.224
[7, 38000] loss: 0.267
[8,  2000] loss: 0.189
[8,  4000] loss: 0.212
[8,  6000] loss: 0.189
[8,  8000] loss: 0.198
[8, 10000] loss: 0.233
[8, 12000] loss: 0.215
[8, 14000] loss: 0.204
[8, 16000] loss: 0.211
[8, 18000] loss: 0.214
[8, 20000] loss: 0.236
[8, 22000] loss: 0.231
[8, 24000] loss: 0.258
[8, 26000] loss: 0.259
[8, 28000] loss: 0.225
[8, 30000] loss: 0.220
[8, 32000] loss: 0.264
[8, 34000] loss: 0.222
[8, 36000] loss: 0.224
[8, 38000] loss: 0.265
[9,  2000] loss: 0.189
[9,  4000] loss: 0.212
[9,  6000] loss: 0.189
[9,  8000] loss: 0.196
[9, 10000] loss: 0.233
[9, 12000] loss: 0.215
[9, 14000] loss: 0.205
[9, 16000] loss: 0.211
[9, 18000] loss: 0.213
[9, 20000] loss: 0.234
[9, 22000] loss: 0.230
[9, 24000] loss: 0.258
[9, 26000] loss: 0.259
[9, 28000] loss: 0.224
[9, 30000] loss: 0.218
[9, 32000] loss: 0.264
[9, 34000] loss: 0.221
[9, 36000] loss: 0.223
[9, 38000] loss: 0.264
[10,  2000] loss: 0.188
[10,  4000] loss: 0.211
[10,  6000] loss: 0.188
[10,  8000] loss: 0.195
[10, 10000] loss: 0.232
[10, 12000] loss: 0.214
[10, 14000] loss: 0.204
[10, 16000] loss: 0.211
[10, 18000] loss: 0.212
[10, 20000] loss: 0.233
[10, 22000] loss: 0.228
[10, 24000] loss: 0.257
[10, 26000] loss: 0.257
[10, 28000] loss: 0.225
[10, 30000] loss: 0.219
[10, 32000] loss: 0.264
[10, 34000] loss: 0.220
[10, 36000] loss: 0.223
[10, 38000] loss: 0.266
[11,  2000] loss: 0.187
[11,  4000] loss: 0.211
[11,  6000] loss: 0.188
[11,  8000] loss: 0.195
[11, 10000] loss: 0.230
[11, 12000] loss: 0.212
[11, 14000] loss: 0.203
[11, 16000] loss: 0.210
[11, 18000] loss: 0.211
[11, 20000] loss: 0.232
[11, 22000] loss: 0.227
[11, 24000] loss: 0.256
[11, 26000] loss: 0.254
[11, 28000] loss: 0.221
[11, 30000] loss: 0.218
[11, 32000] loss: 0.264
[11, 34000] loss: 0.220
[11, 36000] loss: 0.222
[11, 38000] loss: 0.265
[12,  2000] loss: 0.187
[12,  4000] loss: 0.211
[12,  6000] loss: 0.187
[12,  8000] loss: 0.194
[12, 10000] loss: 0.230
[12, 12000] loss: 0.211
[12, 14000] loss: 0.203
[12, 16000] loss: 0.206
[12, 18000] loss: 0.211
[12, 20000] loss: 0.232
[12, 22000] loss: 0.227
[12, 24000] loss: 0.256
[12, 26000] loss: 0.254
[12, 28000] loss: 0.220
[12, 30000] loss: 0.217
[12, 32000] loss: 0.264
[12, 34000] loss: 0.219
[12, 36000] loss: 0.221
[12, 38000] loss: 0.264
[13,  2000] loss: 0.186
[13,  4000] loss: 0.210
[13,  6000] loss: 0.186
[13,  8000] loss: 0.193
[13, 10000] loss: 0.230
[13, 12000] loss: 0.212
[13, 14000] loss: 0.201
[13, 16000] loss: 0.205
[13, 18000] loss: 0.211
[13, 20000] loss: 0.231
[13, 22000] loss: 0.229
[13, 24000] loss: 0.255
[13, 26000] loss: 0.253
[13, 28000] loss: 0.220
[13, 30000] loss: 0.216
[13, 32000] loss: 0.263
[13, 34000] loss: 0.218
[13, 36000] loss: 0.221
[13, 38000] loss: 0.262
[14,  2000] loss: 0.185
[14,  4000] loss: 0.210
[14,  6000] loss: 0.185
[14,  8000] loss: 0.192
[14, 10000] loss: 0.229
[14, 12000] loss: 0.213
[14, 14000] loss: 0.201
[14, 16000] loss: 0.205
[14, 18000] loss: 0.210
[14, 20000] loss: 0.230
[14, 22000] loss: 0.229
[14, 24000] loss: 0.254
[14, 26000] loss: 0.252
[14, 28000] loss: 0.221
[14, 30000] loss: 0.215
[14, 32000] loss: 0.262
[14, 34000] loss: 0.217
[14, 36000] loss: 0.220
[14, 38000] loss: 0.260
[15,  2000] loss: 0.184
[15,  4000] loss: 0.210
[15,  6000] loss: 0.185
[15,  8000] loss: 0.191
[15, 10000] loss: 0.228
[15, 12000] loss: 0.212
[15, 14000] loss: 0.201
[15, 16000] loss: 0.204
[15, 18000] loss: 0.210
[15, 20000] loss: 0.229
[15, 22000] loss: 0.227
[15, 24000] loss: 0.253
[15, 26000] loss: 0.252
[15, 28000] loss: 0.215
[15, 30000] loss: 0.212
[15, 32000] loss: 0.261
[15, 34000] loss: 0.215
[15, 36000] loss: 0.220
[15, 38000] loss: 0.259
[16,  2000] loss: 0.184
[16,  4000] loss: 0.209
[16,  6000] loss: 0.184
[16,  8000] loss: 0.191
[16, 10000] loss: 0.227
[16, 12000] loss: 0.211
[16, 14000] loss: 0.201
[16, 16000] loss: 0.203
[16, 18000] loss: 0.209
[16, 20000] loss: 0.228
[16, 22000] loss: 0.226
[16, 24000] loss: 0.252
[16, 26000] loss: 0.251
[16, 28000] loss: 0.214
[16, 30000] loss: 0.211
[16, 32000] loss: 0.261
[16, 34000] loss: 0.214
[16, 36000] loss: 0.220
[16, 38000] loss: 0.257
[17,  2000] loss: 0.183
[17,  4000] loss: 0.209
[17,  6000] loss: 0.184
[17,  8000] loss: 0.190
[17, 10000] loss: 0.226
[17, 12000] loss: 0.210
[17, 14000] loss: 0.200
[17, 16000] loss: 0.203
[17, 18000] loss: 0.209
[17, 20000] loss: 0.227
[17, 22000] loss: 0.226
[17, 24000] loss: 0.251
[17, 26000] loss: 0.251
[17, 28000] loss: 0.217
[17, 30000] loss: 0.214
[17, 32000] loss: 0.260
[17, 34000] loss: 0.214
[17, 36000] loss: 0.220
[17, 38000] loss: 0.256
[18,  2000] loss: 0.183
[18,  4000] loss: 0.209
[18,  6000] loss: 0.183
[18,  8000] loss: 0.189
[18, 10000] loss: 0.225
[18, 12000] loss: 0.209
[18, 14000] loss: 0.200
[18, 16000] loss: 0.202
[18, 18000] loss: 0.208
[18, 20000] loss: 0.226
[18, 22000] loss: 0.225
[18, 24000] loss: 0.250
[18, 26000] loss: 0.249
[18, 28000] loss: 0.217
[18, 30000] loss: 0.213
[18, 32000] loss: 0.260
[18, 34000] loss: 0.213
[18, 36000] loss: 0.220
[18, 38000] loss: 0.255
[19,  2000] loss: 0.182
[19,  4000] loss: 0.209
[19,  6000] loss: 0.183
[19,  8000] loss: 0.189
[19, 10000] loss: 0.226
[19, 12000] loss: 0.208
[19, 14000] loss: 0.196
[19, 16000] loss: 0.201
[19, 18000] loss: 0.208
[19, 20000] loss: 0.225
[19, 22000] loss: 0.224
[19, 24000] loss: 0.250
[19, 26000] loss: 0.248
[19, 28000] loss: 0.216
[19, 30000] loss: 0.212
[19, 32000] loss: 0.259
[19, 34000] loss: 0.212
[19, 36000] loss: 0.219
[19, 38000] loss: 0.255
[20,  2000] loss: 0.182
[20,  4000] loss: 0.209
[20,  6000] loss: 0.182
[20,  8000] loss: 0.188
[20, 10000] loss: 0.225
[20, 12000] loss: 0.207
[20, 14000] loss: 0.196
[20, 16000] loss: 0.201
[20, 18000] loss: 0.207
[20, 20000] loss: 0.224
[20, 22000] loss: 0.224
[20, 24000] loss: 0.249
[20, 26000] loss: 0.247
[20, 28000] loss: 0.215
[20, 30000] loss: 0.211
[20, 32000] loss: 0.259
[20, 34000] loss: 0.212
[20, 36000] loss: 0.219
[20, 38000] loss: 0.254
[21,  2000] loss: 0.181
[21,  4000] loss: 0.208
[21,  6000] loss: 0.182
[21,  8000] loss: 0.187
[21, 10000] loss: 0.224
[21, 12000] loss: 0.206
[21, 14000] loss: 0.195
[21, 16000] loss: 0.201
[21, 18000] loss: 0.208
[21, 20000] loss: 0.223
[21, 22000] loss: 0.223
[21, 24000] loss: 0.248
[21, 26000] loss: 0.247
[21, 28000] loss: 0.214
[21, 30000] loss: 0.210
[21, 32000] loss: 0.258
[21, 34000] loss: 0.211
[21, 36000] loss: 0.219
[21, 38000] loss: 0.253
[22,  2000] loss: 0.181
[22,  4000] loss: 0.208
[22,  6000] loss: 0.181
[22,  8000] loss: 0.187
[22, 10000] loss: 0.223
[22, 12000] loss: 0.205
[22, 14000] loss: 0.195
[22, 16000] loss: 0.200
[22, 18000] loss: 0.207
[22, 20000] loss: 0.222
[22, 22000] loss: 0.222
[22, 24000] loss: 0.247
[22, 26000] loss: 0.246
[22, 28000] loss: 0.209
[22, 30000] loss: 0.208
[22, 32000] loss: 0.257
[22, 34000] loss: 0.209
[22, 36000] loss: 0.218
[22, 38000] loss: 0.252
[23,  2000] loss: 0.180
[23,  4000] loss: 0.207
[23,  6000] loss: 0.181
[23,  8000] loss: 0.186
[23, 10000] loss: 0.223
[23, 12000] loss: 0.204
[23, 14000] loss: 0.192
[23, 16000] loss: 0.199
[23, 18000] loss: 0.205
[23, 20000] loss: 0.220
[23, 22000] loss: 0.221
[23, 24000] loss: 0.248
[23, 26000] loss: 0.245
[23, 28000] loss: 0.208
[23, 30000] loss: 0.208
[23, 32000] loss: 0.257
[23, 34000] loss: 0.209
[23, 36000] loss: 0.218
[23, 38000] loss: 0.251
[24,  2000] loss: 0.180
[24,  4000] loss: 0.205
[24,  6000] loss: 0.180
[24,  8000] loss: 0.185
[24, 10000] loss: 0.222
[24, 12000] loss: 0.204
[24, 14000] loss: 0.192
[24, 16000] loss: 0.199
[24, 18000] loss: 0.205
[24, 20000] loss: 0.219
[24, 22000] loss: 0.220
[24, 24000] loss: 0.248
[24, 26000] loss: 0.244
[24, 28000] loss: 0.207
[24, 30000] loss: 0.207
[24, 32000] loss: 0.256
[24, 34000] loss: 0.208
[24, 36000] loss: 0.218
[24, 38000] loss: 0.249
[25,  2000] loss: 0.179
[25,  4000] loss: 0.205
[25,  6000] loss: 0.180
[25,  8000] loss: 0.184
[25, 10000] loss: 0.221
[25, 12000] loss: 0.203
[25, 14000] loss: 0.192
[25, 16000] loss: 0.198
[25, 18000] loss: 0.204
[25, 20000] loss: 0.218
[25, 22000] loss: 0.220
[25, 24000] loss: 0.247
[25, 26000] loss: 0.243
[25, 28000] loss: 0.207
[25, 30000] loss: 0.206
[25, 32000] loss: 0.256
[25, 34000] loss: 0.207
[25, 36000] loss: 0.218
[25, 38000] loss: 0.248
[26,  2000] loss: 0.179
[26,  4000] loss: 0.206
[26,  6000] loss: 0.180
[26,  8000] loss: 0.183
[26, 10000] loss: 0.220
[26, 12000] loss: 0.202
[26, 14000] loss: 0.191
[26, 16000] loss: 0.199
[26, 18000] loss: 0.203
[26, 20000] loss: 0.218
[26, 22000] loss: 0.219
[26, 24000] loss: 0.246
[26, 26000] loss: 0.244
[26, 28000] loss: 0.205
[26, 30000] loss: 0.205
[26, 32000] loss: 0.255
[26, 34000] loss: 0.207
[26, 36000] loss: 0.217
[26, 38000] loss: 0.247
[27,  2000] loss: 0.178
[27,  4000] loss: 0.205
[27,  6000] loss: 0.179
[27,  8000] loss: 0.183
[27, 10000] loss: 0.220
[27, 12000] loss: 0.202
[27, 14000] loss: 0.191
[27, 16000] loss: 0.198
[27, 18000] loss: 0.202
[27, 20000] loss: 0.217
[27, 22000] loss: 0.218
[27, 24000] loss: 0.245
[27, 26000] loss: 0.243
[27, 28000] loss: 0.205
[27, 30000] loss: 0.204
[27, 32000] loss: 0.255
[27, 34000] loss: 0.206
[27, 36000] loss: 0.217
[27, 38000] loss: 0.246
[28,  2000] loss: 0.178
[28,  4000] loss: 0.204
[28,  6000] loss: 0.179
[28,  8000] loss: 0.182
[28, 10000] loss: 0.219
[28, 12000] loss: 0.201
[28, 14000] loss: 0.191
[28, 16000] loss: 0.198
[28, 18000] loss: 0.201
[28, 20000] loss: 0.216
[28, 22000] loss: 0.217
[28, 24000] loss: 0.244
[28, 26000] loss: 0.242
[28, 28000] loss: 0.204
[28, 30000] loss: 0.204
[28, 32000] loss: 0.254
[28, 34000] loss: 0.205
[28, 36000] loss: 0.217
[28, 38000] loss: 0.245
[29,  2000] loss: 0.177
[29,  4000] loss: 0.204
[29,  6000] loss: 0.178
[29,  8000] loss: 0.181
[29, 10000] loss: 0.218
[29, 12000] loss: 0.200
[29, 14000] loss: 0.190
[29, 16000] loss: 0.197
[29, 18000] loss: 0.201
[29, 20000] loss: 0.214
[29, 22000] loss: 0.217
[29, 24000] loss: 0.243
[29, 26000] loss: 0.242
[29, 28000] loss: 0.203
[29, 30000] loss: 0.203
[29, 32000] loss: 0.254
[29, 34000] loss: 0.205
[29, 36000] loss: 0.217
[29, 38000] loss: 0.244
[30,  2000] loss: 0.177
[30,  4000] loss: 0.204
[30,  6000] loss: 0.178
[30,  8000] loss: 0.180
[30, 10000] loss: 0.218
[30, 12000] loss: 0.199
[30, 14000] loss: 0.190
[30, 16000] loss: 0.197
[30, 18000] loss: 0.200
[30, 20000] loss: 0.213
[30, 22000] loss: 0.216
[30, 24000] loss: 0.243
[30, 26000] loss: 0.241
[30, 28000] loss: 0.203
[30, 30000] loss: 0.200
[30, 32000] loss: 0.254
[30, 34000] loss: 0.204
[30, 36000] loss: 0.216
[30, 38000] loss: 0.243
[31,  2000] loss: 0.176
[31,  4000] loss: 0.203
[31,  6000] loss: 0.177
[31,  8000] loss: 0.180
[31, 10000] loss: 0.217
[31, 12000] loss: 0.198
[31, 14000] loss: 0.189
[31, 16000] loss: 0.196
[31, 18000] loss: 0.200
[31, 20000] loss: 0.212
[31, 22000] loss: 0.215
[31, 24000] loss: 0.242
[31, 26000] loss: 0.241
[31, 28000] loss: 0.202
[31, 30000] loss: 0.199
[31, 32000] loss: 0.253
[31, 34000] loss: 0.204
[31, 36000] loss: 0.216
[31, 38000] loss: 0.242
[32,  2000] loss: 0.176
[32,  4000] loss: 0.203
[32,  6000] loss: 0.177
[32,  8000] loss: 0.179
[32, 10000] loss: 0.216
[32, 12000] loss: 0.197
[32, 14000] loss: 0.189
[32, 16000] loss: 0.195
[32, 18000] loss: 0.199
[32, 20000] loss: 0.212
[32, 22000] loss: 0.214
[32, 24000] loss: 0.241
[32, 26000] loss: 0.240
[32, 28000] loss: 0.202
[32, 30000] loss: 0.198
[32, 32000] loss: 0.252
[32, 34000] loss: 0.203
[32, 36000] loss: 0.216
[32, 38000] loss: 0.242
[33,  2000] loss: 0.175
[33,  4000] loss: 0.202
[33,  6000] loss: 0.176
[33,  8000] loss: 0.178
[33, 10000] loss: 0.216
[33, 12000] loss: 0.196
[33, 14000] loss: 0.189
[33, 16000] loss: 0.194
[33, 18000] loss: 0.200
[33, 20000] loss: 0.210
[33, 22000] loss: 0.215
[33, 24000] loss: 0.240
[33, 26000] loss: 0.238
[33, 28000] loss: 0.201
[33, 30000] loss: 0.198
[33, 32000] loss: 0.252
[33, 34000] loss: 0.203
[33, 36000] loss: 0.216
[33, 38000] loss: 0.241
[34,  2000] loss: 0.175
[34,  4000] loss: 0.202
[34,  6000] loss: 0.176
[34,  8000] loss: 0.178
[1,  2000] loss: 0.175
[1,  4000] loss: 0.192
[1,  6000] loss: 0.174
[1,  8000] loss: 0.178
[1, 10000] loss: 0.217
[1, 12000] loss: 0.196
[1, 14000] loss: 0.189
[1, 16000] loss: 0.194
[1, 18000] loss: 0.201
[1, 20000] loss: 0.209
[1, 22000] loss: 0.215
[1, 24000] loss: 0.239
[1, 26000] loss: 0.238
[1, 28000] loss: 0.201
[1, 30000] loss: 0.197
[1, 32000] loss: 0.251
[1, 34000] loss: 0.202
[1, 36000] loss: 0.214
[1, 38000] loss: 0.240
[2,  2000] loss: 0.175
[2,  4000] loss: 0.201
[2,  6000] loss: 0.174
[2,  8000] loss: 0.176
[2, 10000] loss: 0.214
[2, 12000] loss: 0.194
[2, 14000] loss: 0.188
[2, 16000] loss: 0.193
[2, 18000] loss: 0.199
[2, 20000] loss: 0.208
[2, 22000] loss: 0.214
[2, 24000] loss: 0.238
[2, 26000] loss: 0.238
[2, 28000] loss: 0.201
[2, 30000] loss: 0.195
[2, 32000] loss: 0.250
[2, 34000] loss: 0.202
[2, 36000] loss: 0.215
[2, 38000] loss: 0.239
[3,  2000] loss: 0.174
[3,  4000] loss: 0.200
[3,  6000] loss: 0.174
[3,  8000] loss: 0.176
[3, 10000] loss: 0.214
[3, 12000] loss: 0.194
[3, 14000] loss: 0.187
[3, 16000] loss: 0.193
[3, 18000] loss: 0.198
[3, 20000] loss: 0.207
[3, 22000] loss: 0.214
[3, 24000] loss: 0.237
[3, 26000] loss: 0.237
[3, 28000] loss: 0.200
[3, 30000] loss: 0.195
[3, 32000] loss: 0.249
[3, 34000] loss: 0.201
[3, 36000] loss: 0.214
[3, 38000] loss: 0.239
[4,  2000] loss: 0.174
[4,  4000] loss: 0.199
[4,  6000] loss: 0.174
[4,  8000] loss: 0.175
[4, 10000] loss: 0.213
[4, 12000] loss: 0.192
[4, 14000] loss: 0.187
[4, 16000] loss: 0.192
[4, 18000] loss: 0.198
[4, 20000] loss: 0.206
[4, 22000] loss: 0.213
[4, 24000] loss: 0.236
[4, 26000] loss: 0.235
[4, 28000] loss: 0.199
[4, 30000] loss: 0.194
[4, 32000] loss: 0.249
[4, 34000] loss: 0.200
[4, 36000] loss: 0.214
[4, 38000] loss: 0.238
[5,  2000] loss: 0.173
[5,  4000] loss: 0.198
[5,  6000] loss: 0.173
[5,  8000] loss: 0.174
[5, 10000] loss: 0.213
[5, 12000] loss: 0.191
[5, 14000] loss: 0.187
[5, 16000] loss: 0.192
[5, 18000] loss: 0.197
[5, 20000] loss: 0.205
[5, 22000] loss: 0.212
[5, 24000] loss: 0.236
[5, 26000] loss: 0.235
[5, 28000] loss: 0.198
[5, 30000] loss: 0.194
[5, 32000] loss: 0.249
[5, 34000] loss: 0.200
[5, 36000] loss: 0.214
[5, 38000] loss: 0.238
[6,  2000] loss: 0.173
[6,  4000] loss: 0.198
[6,  6000] loss: 0.173
[6,  8000] loss: 0.174
[6, 10000] loss: 0.212
[6, 12000] loss: 0.190
[6, 14000] loss: 0.187
[6, 16000] loss: 0.191
[6, 18000] loss: 0.197
[6, 20000] loss: 0.204
[6, 22000] loss: 0.211
[6, 24000] loss: 0.235
[6, 26000] loss: 0.234
[6, 28000] loss: 0.198
[6, 30000] loss: 0.193
[6, 32000] loss: 0.248
[6, 34000] loss: 0.199
[6, 36000] loss: 0.214
[6, 38000] loss: 0.237
[7,  2000] loss: 0.172
[7,  4000] loss: 0.197
[7,  6000] loss: 0.172
[7,  8000] loss: 0.173
[7, 10000] loss: 0.211
[7, 12000] loss: 0.189
[7, 14000] loss: 0.187
[7, 16000] loss: 0.191
[7, 18000] loss: 0.196
[7, 20000] loss: 0.203
[7, 22000] loss: 0.211
[7, 24000] loss: 0.234
[7, 26000] loss: 0.234
[7, 28000] loss: 0.197
[7, 30000] loss: 0.192
[7, 32000] loss: 0.247
[7, 34000] loss: 0.199
[7, 36000] loss: 0.213
[7, 38000] loss: 0.236
[8,  2000] loss: 0.172
[8,  4000] loss: 0.197
[8,  6000] loss: 0.172
[8,  8000] loss: 0.173
[8, 10000] loss: 0.211
[8, 12000] loss: 0.188
[8, 14000] loss: 0.186
[8, 16000] loss: 0.191
[8, 18000] loss: 0.195
[8, 20000] loss: 0.202
[8, 22000] loss: 0.210
[8, 24000] loss: 0.234
[8, 26000] loss: 0.233
[8, 28000] loss: 0.196
[8, 30000] loss: 0.192
[8, 32000] loss: 0.247
[8, 34000] loss: 0.198
[8, 36000] loss: 0.213
[8, 38000] loss: 0.235
[9,  2000] loss: 0.171
[9,  4000] loss: 0.197
[9,  6000] loss: 0.171
[9,  8000] loss: 0.172
[9, 10000] loss: 0.210
[9, 12000] loss: 0.187
[9, 14000] loss: 0.185
[9, 16000] loss: 0.190
[9, 18000] loss: 0.195
[9, 20000] loss: 0.201
[9, 22000] loss: 0.210
[9, 24000] loss: 0.233
[9, 26000] loss: 0.232
[9, 28000] loss: 0.196
[9, 30000] loss: 0.191
[9, 32000] loss: 0.246
[9, 34000] loss: 0.198
[9, 36000] loss: 0.213
[9, 38000] loss: 0.234
[10,  2000] loss: 0.171
[10,  4000] loss: 0.196
[10,  6000] loss: 0.171
[10,  8000] loss: 0.173
[10, 10000] loss: 0.209
[10, 12000] loss: 0.186
[10, 14000] loss: 0.185
[10, 16000] loss: 0.190
[10, 18000] loss: 0.194
[10, 20000] loss: 0.200
[10, 22000] loss: 0.209
[10, 24000] loss: 0.232
[10, 26000] loss: 0.232
[10, 28000] loss: 0.195
[10, 30000] loss: 0.190
[10, 32000] loss: 0.245
[10, 34000] loss: 0.197
[10, 36000] loss: 0.213
[10, 38000] loss: 0.233
[11,  2000] loss: 0.171
[11,  4000] loss: 0.195
[11,  6000] loss: 0.170
[11,  8000] loss: 0.172
[11, 10000] loss: 0.208
[11, 12000] loss: 0.186
[11, 14000] loss: 0.185
[11, 16000] loss: 0.189
[11, 18000] loss: 0.194
[11, 20000] loss: 0.200
[11, 22000] loss: 0.209
[11, 24000] loss: 0.231
[11, 26000] loss: 0.231
[11, 28000] loss: 0.195
[11, 30000] loss: 0.190
[11, 32000] loss: 0.245
[11, 34000] loss: 0.197
[11, 36000] loss: 0.213
[11, 38000] loss: 0.231
[12,  2000] loss: 0.170
[12,  4000] loss: 0.195
[12,  6000] loss: 0.170
[12,  8000] loss: 0.170
[12, 10000] loss: 0.209
[12, 12000] loss: 0.185
[12, 14000] loss: 0.185
[12, 16000] loss: 0.189
[12, 18000] loss: 0.193
[12, 20000] loss: 0.199
[12, 22000] loss: 0.208
[12, 24000] loss: 0.230
[12, 26000] loss: 0.231
[12, 28000] loss: 0.194
[12, 30000] loss: 0.189
[12, 32000] loss: 0.244
[12, 34000] loss: 0.196
[12, 36000] loss: 0.213
[12, 38000] loss: 0.230
[13,  2000] loss: 0.170
[13,  4000] loss: 0.194
[13,  6000] loss: 0.169
[13,  8000] loss: 0.171
[13, 10000] loss: 0.208
[13, 12000] loss: 0.185
[13, 14000] loss: 0.185
[13, 16000] loss: 0.189
[13, 18000] loss: 0.193
[13, 20000] loss: 0.198
[13, 22000] loss: 0.207
[13, 24000] loss: 0.229
[13, 26000] loss: 0.231
[13, 28000] loss: 0.193
[13, 30000] loss: 0.189
[13, 32000] loss: 0.244
[13, 34000] loss: 0.196
[13, 36000] loss: 0.213
[13, 38000] loss: 0.229
[14,  2000] loss: 0.169
[14,  4000] loss: 0.194
[14,  6000] loss: 0.169
[14,  8000] loss: 0.171
[14, 10000] loss: 0.207
[14, 12000] loss: 0.184
[14, 14000] loss: 0.184
[14, 16000] loss: 0.188
[14, 18000] loss: 0.192
[14, 20000] loss: 0.197
[14, 22000] loss: 0.207
[14, 24000] loss: 0.229
[14, 26000] loss: 0.230
[14, 28000] loss: 0.192
[14, 30000] loss: 0.188
[14, 32000] loss: 0.243
[14, 34000] loss: 0.195
[14, 36000] loss: 0.213
[14, 38000] loss: 0.229
[15,  2000] loss: 0.169
[15,  4000] loss: 0.193
[15,  6000] loss: 0.168
[15,  8000] loss: 0.170
[15, 10000] loss: 0.207
[15, 12000] loss: 0.183
[15, 14000] loss: 0.184
[15, 16000] loss: 0.187
[15, 18000] loss: 0.193
[15, 20000] loss: 0.196
[15, 22000] loss: 0.206
[15, 24000] loss: 0.228
[15, 26000] loss: 0.230
[15, 28000] loss: 0.192
[15, 30000] loss: 0.187
[15, 32000] loss: 0.242
[15, 34000] loss: 0.195
[15, 36000] loss: 0.212
[15, 38000] loss: 0.228
[16,  2000] loss: 0.169
[16,  4000] loss: 0.192
[16,  6000] loss: 0.168
[16,  8000] loss: 0.170
[16, 10000] loss: 0.206
[16, 12000] loss: 0.182
[16, 14000] loss: 0.184
[16, 16000] loss: 0.187
[16, 18000] loss: 0.192
[16, 20000] loss: 0.195
[16, 22000] loss: 0.206
[16, 24000] loss: 0.227
[16, 26000] loss: 0.229
[16, 28000] loss: 0.192
[16, 30000] loss: 0.186
[16, 32000] loss: 0.242
[16, 34000] loss: 0.194
[16, 36000] loss: 0.212
[16, 38000] loss: 0.227
[17,  2000] loss: 0.168
[17,  4000] loss: 0.192
[17,  6000] loss: 0.167
[17,  8000] loss: 0.169
[17, 10000] loss: 0.205
[17, 12000] loss: 0.182
[17, 14000] loss: 0.184
[17, 16000] loss: 0.187
[17, 18000] loss: 0.191
[17, 20000] loss: 0.195
[17, 22000] loss: 0.205
[17, 24000] loss: 0.227
[17, 26000] loss: 0.229
[17, 28000] loss: 0.191
[17, 30000] loss: 0.186
[17, 32000] loss: 0.241
[17, 34000] loss: 0.194
[17, 36000] loss: 0.212
[17, 38000] loss: 0.227
[18,  2000] loss: 0.168
[18,  4000] loss: 0.192
[18,  6000] loss: 0.167
[18,  8000] loss: 0.169
[18, 10000] loss: 0.206
[18, 12000] loss: 0.181
[18, 14000] loss: 0.184
[18, 16000] loss: 0.186
[18, 18000] loss: 0.191
[18, 20000] loss: 0.194
[18, 22000] loss: 0.205
[18, 24000] loss: 0.226
[18, 26000] loss: 0.229
[18, 28000] loss: 0.190
[18, 30000] loss: 0.185
[18, 32000] loss: 0.241
[18, 34000] loss: 0.193
[18, 36000] loss: 0.211
[18, 38000] loss: 0.226
[19,  2000] loss: 0.168
[19,  4000] loss: 0.191
[19,  6000] loss: 0.166
[19,  8000] loss: 0.168
[19, 10000] loss: 0.205
[19, 12000] loss: 0.181
[19, 14000] loss: 0.184
[19, 16000] loss: 0.186
[19, 18000] loss: 0.190
[19, 20000] loss: 0.193
[19, 22000] loss: 0.204
[19, 24000] loss: 0.226
[19, 26000] loss: 0.228
[19, 28000] loss: 0.189
[19, 30000] loss: 0.184
[19, 32000] loss: 0.241
[19, 34000] loss: 0.193
[19, 36000] loss: 0.211
[19, 38000] loss: 0.225
[20,  2000] loss: 0.167
[20,  4000] loss: 0.191
[20,  6000] loss: 0.166
[20,  8000] loss: 0.168
[20, 10000] loss: 0.205
[20, 12000] loss: 0.180
[20, 14000] loss: 0.184
[20, 16000] loss: 0.185
[20, 18000] loss: 0.190
[20, 20000] loss: 0.193
[20, 22000] loss: 0.204
[20, 24000] loss: 0.225
[20, 26000] loss: 0.228
[20, 28000] loss: 0.189
[20, 30000] loss: 0.184
[20, 32000] loss: 0.240
[20, 34000] loss: 0.192
[20, 36000] loss: 0.211
[20, 38000] loss: 0.224
[21,  2000] loss: 0.167
[21,  4000] loss: 0.190
[21,  6000] loss: 0.165
[21,  8000] loss: 0.167
[21, 10000] loss: 0.204
[21, 12000] loss: 0.179
[21, 14000] loss: 0.183
[21, 16000] loss: 0.184
[21, 18000] loss: 0.190
[21, 20000] loss: 0.192
[21, 22000] loss: 0.203
[21, 24000] loss: 0.224
[21, 26000] loss: 0.227
[21, 28000] loss: 0.188
[21, 30000] loss: 0.183
[21, 32000] loss: 0.240
[21, 34000] loss: 0.192
[21, 36000] loss: 0.211
[21, 38000] loss: 0.224
[22,  2000] loss: 0.167
[22,  4000] loss: 0.190
[22,  6000] loss: 0.165
[22,  8000] loss: 0.167
[22, 10000] loss: 0.204
[22, 12000] loss: 0.178
[22, 14000] loss: 0.183
[22, 16000] loss: 0.184
[22, 18000] loss: 0.189
[22, 20000] loss: 0.191
[22, 22000] loss: 0.203
[22, 24000] loss: 0.223
[22, 26000] loss: 0.227
[22, 28000] loss: 0.188
[22, 30000] loss: 0.183
[22, 32000] loss: 0.239
[22, 34000] loss: 0.191
[22, 36000] loss: 0.211
[22, 38000] loss: 0.223
[23,  2000] loss: 0.166
[23,  4000] loss: 0.189
[23,  6000] loss: 0.165
[23,  8000] loss: 0.166
[23, 10000] loss: 0.204
[23, 12000] loss: 0.178
[23, 14000] loss: 0.183
[23, 16000] loss: 0.183
[23, 18000] loss: 0.188
[23, 20000] loss: 0.190
[23, 22000] loss: 0.202
[23, 24000] loss: 0.223
[23, 26000] loss: 0.227
[23, 28000] loss: 0.187
[23, 30000] loss: 0.182
[23, 32000] loss: 0.239
[23, 34000] loss: 0.191
[23, 36000] loss: 0.210
[23, 38000] loss: 0.223
[24,  2000] loss: 0.166
[24,  4000] loss: 0.189
[24,  6000] loss: 0.164
[24,  8000] loss: 0.166
[24, 10000] loss: 0.203
[24, 12000] loss: 0.177
[24, 14000] loss: 0.183
[24, 16000] loss: 0.183
[24, 18000] loss: 0.188
[24, 20000] loss: 0.189
[24, 22000] loss: 0.202
[24, 24000] loss: 0.222
[24, 26000] loss: 0.226
[24, 28000] loss: 0.187
[24, 30000] loss: 0.181
[24, 32000] loss: 0.238
[24, 34000] loss: 0.191
[24, 36000] loss: 0.210
[24, 38000] loss: 0.222
[25,  2000] loss: 0.166
[25,  4000] loss: 0.188
[25,  6000] loss: 0.164
[25,  8000] loss: 0.165
[25, 10000] loss: 0.203
[25, 12000] loss: 0.177
[25, 14000] loss: 0.183
[25, 16000] loss: 0.183
[25, 18000] loss: 0.188
[25, 20000] loss: 0.188
[25, 22000] loss: 0.201
[25, 24000] loss: 0.222
[25, 26000] loss: 0.225
[25, 28000] loss: 0.186
[25, 30000] loss: 0.181
[25, 32000] loss: 0.235
[25, 34000] loss: 0.190
[25, 36000] loss: 0.210
[25, 38000] loss: 0.222
[26,  2000] loss: 0.165
[26,  4000] loss: 0.188
[26,  6000] loss: 0.163
[26,  8000] loss: 0.165
[26, 10000] loss: 0.202
[26, 12000] loss: 0.177
[26, 14000] loss: 0.183
[26, 16000] loss: 0.183
[26, 18000] loss: 0.188
[26, 20000] loss: 0.188
[26, 22000] loss: 0.200
[26, 24000] loss: 0.221
[26, 26000] loss: 0.225
[26, 28000] loss: 0.185
[26, 30000] loss: 0.180
[26, 32000] loss: 0.234
[26, 34000] loss: 0.190
[26, 36000] loss: 0.209
[26, 38000] loss: 0.221
[27,  2000] loss: 0.165
[27,  4000] loss: 0.187
[27,  6000] loss: 0.163
[27,  8000] loss: 0.164
[27, 10000] loss: 0.202
[27, 12000] loss: 0.176
[27, 14000] loss: 0.183
[27, 16000] loss: 0.182
[27, 18000] loss: 0.187
[27, 20000] loss: 0.187
[27, 22000] loss: 0.200
[27, 24000] loss: 0.221
[27, 26000] loss: 0.225
[27, 28000] loss: 0.185
[27, 30000] loss: 0.180
[27, 32000] loss: 0.234
[27, 34000] loss: 0.189
[27, 36000] loss: 0.209
[27, 38000] loss: 0.220
[28,  2000] loss: 0.165
[28,  4000] loss: 0.186
[28,  6000] loss: 0.162
[28,  8000] loss: 0.164
[28, 10000] loss: 0.202
[28, 12000] loss: 0.175
[28, 14000] loss: 0.183
[28, 16000] loss: 0.181
[28, 18000] loss: 0.187
[28, 20000] loss: 0.187
[28, 22000] loss: 0.200
[28, 24000] loss: 0.220
[28, 26000] loss: 0.224
[28, 28000] loss: 0.184
[28, 30000] loss: 0.179
[28, 32000] loss: 0.233
[28, 34000] loss: 0.189
[28, 36000] loss: 0.209
[28, 38000] loss: 0.220
[29,  2000] loss: 0.165
[29,  4000] loss: 0.186
[29,  6000] loss: 0.162
[29,  8000] loss: 0.163
[29, 10000] loss: 0.201
[29, 12000] loss: 0.175
[29, 14000] loss: 0.183
[29, 16000] loss: 0.181
[29, 18000] loss: 0.187
[29, 20000] loss: 0.186
[29, 22000] loss: 0.199
[29, 24000] loss: 0.219
[29, 26000] loss: 0.224
[29, 28000] loss: 0.184
[29, 30000] loss: 0.179
[29, 32000] loss: 0.232
[29, 34000] loss: 0.189
[29, 36000] loss: 0.209
[29, 38000] loss: 0.219
[30,  2000] loss: 0.164
[30,  4000] loss: 0.185
[30,  6000] loss: 0.161
[30,  8000] loss: 0.163
[30, 10000] loss: 0.201
[30, 12000] loss: 0.174
[30, 14000] loss: 0.183
[30, 16000] loss: 0.181
[30, 18000] loss: 0.186
[30, 20000] loss: 0.185
[30, 22000] loss: 0.199
[30, 24000] loss: 0.219
[30, 26000] loss: 0.223
[30, 28000] loss: 0.184
[30, 30000] loss: 0.178
[30, 32000] loss: 0.232
[30, 34000] loss: 0.188
[30, 36000] loss: 0.209
[30, 38000] loss: 0.218
[31,  2000] loss: 0.164
[31,  4000] loss: 0.184
[31,  6000] loss: 0.161
[31,  8000] loss: 0.162
[31, 10000] loss: 0.200
[31, 12000] loss: 0.174
[31, 14000] loss: 0.183
[31, 16000] loss: 0.181
[31, 18000] loss: 0.186
[31, 20000] loss: 0.184
[31, 22000] loss: 0.198
[31, 24000] loss: 0.218
[31, 26000] loss: 0.223
[31, 28000] loss: 0.183
[31, 30000] loss: 0.178
[31, 32000] loss: 0.231
[31, 34000] loss: 0.188
[31, 36000] loss: 0.208
[31, 38000] loss: 0.218
[32,  2000] loss: 0.163
[32,  4000] loss: 0.183
[32,  6000] loss: 0.161
[32,  8000] loss: 0.162
[32, 10000] loss: 0.200
[32, 12000] loss: 0.173
[32, 14000] loss: 0.183
[32, 16000] loss: 0.180
[32, 18000] loss: 0.185
[32, 20000] loss: 0.184
[32, 22000] loss: 0.198
[32, 24000] loss: 0.218
[32, 26000] loss: 0.222
[32, 28000] loss: 0.183
[32, 30000] loss: 0.177
[32, 32000] loss: 0.231
[32, 34000] loss: 0.187
[32, 36000] loss: 0.208
[32, 38000] loss: 0.218
[33,  2000] loss: 0.163
[33,  4000] loss: 0.183
[33,  6000] loss: 0.160
[33,  8000] loss: 0.161
[33, 10000] loss: 0.200
[33, 12000] loss: 0.173
[33, 14000] loss: 0.182
[33, 16000] loss: 0.180
[33, 18000] loss: 0.185
[33, 20000] loss: 0.183
[33, 22000] loss: 0.197
[33, 24000] loss: 0.217
[33, 26000] loss: 0.222
[33, 28000] loss: 0.182
[33, 30000] loss: 0.177
[33, 32000] loss: 0.230
[33, 34000] loss: 0.187
[33, 36000] loss: 0.208
[33, 38000] loss: 0.217
[34,  2000] loss: 0.163
[34,  4000] loss: 0.182
[34,  6000] loss: 0.160
[34,  8000] loss: 0.161
[34, 10000] loss: 0.199
[34, 12000] loss: 0.172
[34, 14000] loss: 0.182
[34, 16000] loss: 0.180
[34, 18000] loss: 0.185
[34, 20000] loss: 0.182
[34, 22000] loss: 0.197
[34, 24000] loss: 0.217
[34, 26000] loss: 0.222
[34, 28000] loss: 0.181
[34, 30000] loss: 0.176
[34, 32000] loss: 0.230
[34, 34000] loss: 0.187
[34, 36000] loss: 0.208
[34, 38000] loss: 0.217
[35,  2000] loss: 0.162
[35,  4000] loss: 0.182
[35,  6000] loss: 0.159
[35,  8000] loss: 0.160
[35, 10000] loss: 0.199
[35, 12000] loss: 0.171
[35, 14000] loss: 0.182
[35, 16000] loss: 0.179
[35, 18000] loss: 0.184
[35, 20000] loss: 0.182
[35, 22000] loss: 0.196
[35, 24000] loss: 0.217
[35, 26000] loss: 0.221
[35, 28000] loss: 0.181
[35, 30000] loss: 0.176
[35, 32000] loss: 0.230
[35, 34000] loss: 0.186
[35, 36000] loss: 0.208
[35, 38000] loss: 0.216
[36,  2000] loss: 0.162
[36,  4000] loss: 0.182
[36,  6000] loss: 0.159
[36,  8000] loss: 0.160
[36, 10000] loss: 0.198
[36, 12000] loss: 0.171
[36, 14000] loss: 0.182
[36, 16000] loss: 0.179
[36, 18000] loss: 0.184
[36, 20000] loss: 0.181
[36, 22000] loss: 0.196
[36, 24000] loss: 0.216
[36, 26000] loss: 0.221
[36, 28000] loss: 0.180
[36, 30000] loss: 0.175
[36, 32000] loss: 0.229
[36, 34000] loss: 0.186
[36, 36000] loss: 0.207
[36, 38000] loss: 0.215
[37,  2000] loss: 0.162
[37,  4000] loss: 0.181
[37,  6000] loss: 0.159
[37,  8000] loss: 0.159
[37, 10000] loss: 0.198
[37, 12000] loss: 0.170
[37, 14000] loss: 0.182
[37, 16000] loss: 0.178
[37, 18000] loss: 0.183
[37, 20000] loss: 0.181
[37, 22000] loss: 0.196
[37, 24000] loss: 0.216
[37, 26000] loss: 0.220
[37, 28000] loss: 0.180
[37, 30000] loss: 0.175
[37, 32000] loss: 0.229
[37, 34000] loss: 0.186
[37, 36000] loss: 0.207
[37, 38000] loss: 0.214
[38,  2000] loss: 0.161
[38,  4000] loss: 0.180
[38,  6000] loss: 0.158
[38,  8000] loss: 0.159
[38, 10000] loss: 0.198
[38, 12000] loss: 0.169
[38, 14000] loss: 0.182
[38, 16000] loss: 0.178
[38, 18000] loss: 0.183
[38, 20000] loss: 0.180
[38, 22000] loss: 0.195
[38, 24000] loss: 0.215
[38, 26000] loss: 0.220
[38, 28000] loss: 0.179
[38, 30000] loss: 0.174
[38, 32000] loss: 0.228
[38, 34000] loss: 0.185
[38, 36000] loss: 0.207
[38, 38000] loss: 0.214
[39,  2000] loss: 0.161
[39,  4000] loss: 0.181
[39,  6000] loss: 0.158
[39,  8000] loss: 0.159
[39, 10000] loss: 0.197
[39, 12000] loss: 0.169
[39, 14000] loss: 0.182
[39, 16000] loss: 0.177
[39, 18000] loss: 0.183
[39, 20000] loss: 0.180
[39, 22000] loss: 0.195
[39, 24000] loss: 0.215
[39, 26000] loss: 0.219
[39, 28000] loss: 0.179
[39, 30000] loss: 0.174
[39, 32000] loss: 0.227
[39, 34000] loss: 0.185
[39, 36000] loss: 0.206
[39, 38000] loss: 0.213
[40,  2000] loss: 0.161
[40,  4000] loss: 0.180
[40,  6000] loss: 0.158
[40,  8000] loss: 0.158
[40, 10000] loss: 0.196
[40, 12000] loss: 0.168
[40, 14000] loss: 0.182
[40, 16000] loss: 0.177
[40, 18000] loss: 0.183
[40, 20000] loss: 0.179
[40, 22000] loss: 0.195
[40, 24000] loss: 0.214
[40, 26000] loss: 0.219
[40, 28000] loss: 0.178
[40, 30000] loss: 0.173
[40, 32000] loss: 0.226
[40, 34000] loss: 0.185
[40, 36000] loss: 0.206
[40, 38000] loss: 0.212
[41,  2000] loss: 0.160
[41,  4000] loss: 0.179
[41,  6000] loss: 0.157
[41,  8000] loss: 0.158
[41, 10000] loss: 0.197
[41, 12000] loss: 0.168
[41, 14000] loss: 0.182
[41, 16000] loss: 0.176
[41, 18000] loss: 0.183
[41, 20000] loss: 0.178
[41, 22000] loss: 0.195
[41, 24000] loss: 0.214
[41, 26000] loss: 0.219
[41, 28000] loss: 0.177
[41, 30000] loss: 0.173
[41, 32000] loss: 0.226
[41, 34000] loss: 0.184
[41, 36000] loss: 0.206
[41, 38000] loss: 0.212
[42,  2000] loss: 0.160
[42,  4000] loss: 0.179
[42,  6000] loss: 0.157
[42,  8000] loss: 0.157
[42, 10000] loss: 0.196
[42, 12000] loss: 0.167
[42, 14000] loss: 0.182
[42, 16000] loss: 0.176
[42, 18000] loss: 0.182
[42, 20000] loss: 0.178
[42, 22000] loss: 0.194
[42, 24000] loss: 0.213
[42, 26000] loss: 0.218
[42, 28000] loss: 0.177
[42, 30000] loss: 0.173
[42, 32000] loss: 0.223
[42, 34000] loss: 0.184
[42, 36000] loss: 0.206
[42, 38000] loss: 0.211
[43,  2000] loss: 0.160
[43,  4000] loss: 0.178
[43,  6000] loss: 0.156
[43,  8000] loss: 0.157
[43, 10000] loss: 0.196
[43, 12000] loss: 0.167
[43, 14000] loss: 0.182
[43, 16000] loss: 0.176
[43, 18000] loss: 0.182
[43, 20000] loss: 0.177
[43, 22000] loss: 0.194
[43, 24000] loss: 0.213
[43, 26000] loss: 0.218
[43, 28000] loss: 0.176
[43, 30000] loss: 0.172
[43, 32000] loss: 0.223
[43, 34000] loss: 0.184
[43, 36000] loss: 0.206
[43, 38000] loss: 0.210
[44,  2000] loss: 0.159
[44,  4000] loss: 0.178
[44,  6000] loss: 0.156
[44,  8000] loss: 0.156
[44, 10000] loss: 0.195
[44, 12000] loss: 0.166
[44, 14000] loss: 0.182
[44, 16000] loss: 0.175
[44, 18000] loss: 0.181
[44, 20000] loss: 0.177
[44, 22000] loss: 0.193
[44, 24000] loss: 0.213
[44, 26000] loss: 0.216
[44, 28000] loss: 0.176
[44, 30000] loss: 0.172
[44, 32000] loss: 0.222
[44, 34000] loss: 0.184
[44, 36000] loss: 0.206
[44, 38000] loss: 0.209
[45,  2000] loss: 0.159
[45,  4000] loss: 0.177
[45,  6000] loss: 0.156
[45,  8000] loss: 0.157
[45, 10000] loss: 0.195
[45, 12000] loss: 0.166
[45, 14000] loss: 0.182
[45, 16000] loss: 0.175
[45, 18000] loss: 0.181
[45, 20000] loss: 0.177
[45, 22000] loss: 0.193
[45, 24000] loss: 0.212
[45, 26000] loss: 0.216
[45, 28000] loss: 0.176
[45, 30000] loss: 0.171
[45, 32000] loss: 0.221
[45, 34000] loss: 0.184
[45, 36000] loss: 0.206
[45, 38000] loss: 0.209
[46,  2000] loss: 0.159
[46,  4000] loss: 0.177
[46,  6000] loss: 0.155
[46,  8000] loss: 0.156
[46, 10000] loss: 0.194
[46, 12000] loss: 0.165
[46, 14000] loss: 0.182
[46, 16000] loss: 0.174
[46, 18000] loss: 0.180
[46, 20000] loss: 0.176
[46, 22000] loss: 0.193
[46, 24000] loss: 0.212
[46, 26000] loss: 0.216
[46, 28000] loss: 0.175
[46, 30000] loss: 0.171
[46, 32000] loss: 0.221
[46, 34000] loss: 0.184
[46, 36000] loss: 0.205
[46, 38000] loss: 0.208
[47,  2000] loss: 0.159
[47,  4000] loss: 0.176
[47,  6000] loss: 0.155
[47,  8000] loss: 0.155
[47, 10000] loss: 0.195
[47, 12000] loss: 0.165
[47, 14000] loss: 0.182
[47, 16000] loss: 0.174
[47, 18000] loss: 0.180
[47, 20000] loss: 0.175
[47, 22000] loss: 0.192
[47, 24000] loss: 0.211
[47, 26000] loss: 0.215
[47, 28000] loss: 0.175
[47, 30000] loss: 0.170
[47, 32000] loss: 0.220
[47, 34000] loss: 0.183
[47, 36000] loss: 0.205
[47, 38000] loss: 0.207
[48,  2000] loss: 0.158
[48,  4000] loss: 0.176
[48,  6000] loss: 0.155
[48,  8000] loss: 0.155
[48, 10000] loss: 0.193
[48, 12000] loss: 0.164
[48, 14000] loss: 0.182
[48, 16000] loss: 0.174
[48, 18000] loss: 0.180
[48, 20000] loss: 0.175
[48, 22000] loss: 0.192
[48, 24000] loss: 0.211
[48, 26000] loss: 0.215
[48, 28000] loss: 0.174
[48, 30000] loss: 0.170
[48, 32000] loss: 0.220
[48, 34000] loss: 0.183
[48, 36000] loss: 0.205
[48, 38000] loss: 0.207
[49,  2000] loss: 0.157
[49,  4000] loss: 0.176
[49,  6000] loss: 0.155
[49,  8000] loss: 0.155
[49, 10000] loss: 0.194
[49, 12000] loss: 0.164
[49, 14000] loss: 0.182
[49, 16000] loss: 0.173
[49, 18000] loss: 0.180
[49, 20000] loss: 0.175
[49, 22000] loss: 0.191
[49, 24000] loss: 0.210
[49, 26000] loss: 0.215
[49, 28000] loss: 0.174
[49, 30000] loss: 0.170
[49, 32000] loss: 0.219
[49, 34000] loss: 0.183
[49, 36000] loss: 0.205
[49, 38000] loss: 0.206
[50,  2000] loss: 0.158
[50,  4000] loss: 0.175
[50,  6000] loss: 0.154
[50,  8000] loss: 0.155
[50, 10000] loss: 0.193
[50, 12000] loss: 0.163
[50, 14000] loss: 0.182
[50, 16000] loss: 0.173
[50, 18000] loss: 0.180
[50, 20000] loss: 0.175
[50, 22000] loss: 0.191
[50, 24000] loss: 0.210
[50, 26000] loss: 0.214
[50, 28000] loss: 0.173
[50, 30000] loss: 0.169
[50, 32000] loss: 0.219
[50, 34000] loss: 0.182
[50, 36000] loss: 0.205
[50, 38000] loss: 0.206
[51,  2000] loss: 0.157
[51,  4000] loss: 0.175
[51,  6000] loss: 0.154
[51,  8000] loss: 0.154
[51, 10000] loss: 0.194
[51, 12000] loss: 0.163
[51, 14000] loss: 0.182
[51, 16000] loss: 0.173
[51, 18000] loss: 0.179
[51, 20000] loss: 0.174
[51, 22000] loss: 0.191
[51, 24000] loss: 0.209
[51, 26000] loss: 0.214
[51, 28000] loss: 0.173
[51, 30000] loss: 0.169
[51, 32000] loss: 0.218
[51, 34000] loss: 0.182
[51, 36000] loss: 0.204
[51, 38000] loss: 0.205
[52,  2000] loss: 0.157
[52,  4000] loss: 0.174
[52,  6000] loss: 0.154
[52,  8000] loss: 0.154
[52, 10000] loss: 0.192
[52, 12000] loss: 0.162
[52, 14000] loss: 0.182
[52, 16000] loss: 0.172
[52, 18000] loss: 0.179
[52, 20000] loss: 0.173
[52, 22000] loss: 0.190
[52, 24000] loss: 0.209
[52, 26000] loss: 0.214
[52, 28000] loss: 0.173
[52, 30000] loss: 0.169
[52, 32000] loss: 0.218
[52, 34000] loss: 0.182
[52, 36000] loss: 0.204
[52, 38000] loss: 0.205
[53,  2000] loss: 0.157
[53,  4000] loss: 0.174
[53,  6000] loss: 0.153
[53,  8000] loss: 0.154
[53, 10000] loss: 0.193
[53, 12000] loss: 0.162
[53, 14000] loss: 0.182
[53, 16000] loss: 0.172
[53, 18000] loss: 0.178
[53, 20000] loss: 0.173
[53, 22000] loss: 0.190
[53, 24000] loss: 0.208
[53, 26000] loss: 0.214
[53, 28000] loss: 0.171
[53, 30000] loss: 0.168
[53, 32000] loss: 0.218
[53, 34000] loss: 0.181
[53, 36000] loss: 0.204
[53, 38000] loss: 0.205
[54,  2000] loss: 0.156
[54,  4000] loss: 0.174
[54,  6000] loss: 0.153
[54,  8000] loss: 0.153
[54, 10000] loss: 0.191
[54, 12000] loss: 0.161
[54, 14000] loss: 0.182
[54, 16000] loss: 0.171
[54, 18000] loss: 0.179
[54, 20000] loss: 0.173
[54, 22000] loss: 0.190
[54, 24000] loss: 0.208
[54, 26000] loss: 0.214
[54, 28000] loss: 0.171
[54, 30000] loss: 0.168
[54, 32000] loss: 0.217
[54, 34000] loss: 0.181
[54, 36000] loss: 0.204
[54, 38000] loss: 0.204
[55,  2000] loss: 0.156
[55,  4000] loss: 0.173
[55,  6000] loss: 0.153
[55,  8000] loss: 0.153
[55, 10000] loss: 0.191
[55, 12000] loss: 0.161
[55, 14000] loss: 0.182
[55, 16000] loss: 0.171
[55, 18000] loss: 0.179
[55, 20000] loss: 0.172
[55, 22000] loss: 0.188
[55, 24000] loss: 0.210
[55, 26000] loss: 0.214
[55, 28000] loss: 0.170
[55, 30000] loss: 0.167
[55, 32000] loss: 0.217
[55, 34000] loss: 0.181
[55, 36000] loss: 0.204
[55, 38000] loss: 0.204
[56,  2000] loss: 0.156
[56,  4000] loss: 0.173
[56,  6000] loss: 0.152
[56,  8000] loss: 0.152
[56, 10000] loss: 0.192
[56, 12000] loss: 0.160
[56, 14000] loss: 0.182
[56, 16000] loss: 0.171
[56, 18000] loss: 0.177
[56, 20000] loss: 0.171
[56, 22000] loss: 0.189
[56, 24000] loss: 0.208
[56, 26000] loss: 0.212
[56, 28000] loss: 0.170
[56, 30000] loss: 0.167
[56, 32000] loss: 0.216
[56, 34000] loss: 0.180
[56, 36000] loss: 0.204
[56, 38000] loss: 0.204
[57,  2000] loss: 0.156
[57,  4000] loss: 0.173
[57,  6000] loss: 0.152
[57,  8000] loss: 0.152
[57, 10000] loss: 0.191
[57, 12000] loss: 0.160
[57, 14000] loss: 0.182
[57, 16000] loss: 0.170
[57, 18000] loss: 0.178
[57, 20000] loss: 0.171
[57, 22000] loss: 0.188
[57, 24000] loss: 0.209
[57, 26000] loss: 0.213
[57, 28000] loss: 0.169
[57, 30000] loss: 0.167
[57, 32000] loss: 0.216
[57, 34000] loss: 0.180
[57, 36000] loss: 0.204
[57, 38000] loss: 0.203
[58,  2000] loss: 0.155
[58,  4000] loss: 0.172
[58,  6000] loss: 0.152
[58,  8000] loss: 0.152
[58, 10000] loss: 0.192
[58, 12000] loss: 0.159
[58, 14000] loss: 0.182
[58, 16000] loss: 0.170
[58, 18000] loss: 0.177
[58, 20000] loss: 0.171
[58, 22000] loss: 0.189
[58, 24000] loss: 0.207
[58, 26000] loss: 0.212
[58, 28000] loss: 0.168
[58, 30000] loss: 0.166
[58, 32000] loss: 0.215
[58, 34000] loss: 0.180
[58, 36000] loss: 0.203
[58, 38000] loss: 0.204
[59,  2000] loss: 0.155
[59,  4000] loss: 0.172
[59,  6000] loss: 0.151
[59,  8000] loss: 0.151
[59, 10000] loss: 0.190
[59, 12000] loss: 0.159
[59, 14000] loss: 0.182
[59, 16000] loss: 0.169
[59, 18000] loss: 0.177
[59, 20000] loss: 0.170
[59, 22000] loss: 0.187
[59, 24000] loss: 0.209
[59, 26000] loss: 0.212
[59, 28000] loss: 0.168
[59, 30000] loss: 0.166
[59, 32000] loss: 0.215
[59, 34000] loss: 0.180
[59, 36000] loss: 0.203
[59, 38000] loss: 0.202
[60,  2000] loss: 0.155
[60,  4000] loss: 0.172
[60,  6000] loss: 0.151
[60,  8000] loss: 0.151
[60, 10000] loss: 0.191
[60, 12000] loss: 0.158
[60, 14000] loss: 0.182
[60, 16000] loss: 0.169
[60, 18000] loss: 0.177
[60, 20000] loss: 0.170
[60, 22000] loss: 0.188
[60, 24000] loss: 0.206
[60, 26000] loss: 0.211
[60, 28000] loss: 0.167
[60, 30000] loss: 0.166
[60, 32000] loss: 0.214
[60, 34000] loss: 0.179
[60, 36000] loss: 0.203
[60, 38000] loss: 0.202
[61,  2000] loss: 0.155
[61,  4000] loss: 0.172
[61,  6000] loss: 0.150
[61,  8000] loss: 0.151
[61, 10000] loss: 0.190
[61, 12000] loss: 0.158
[61, 14000] loss: 0.182
[61, 16000] loss: 0.168
[61, 18000] loss: 0.176
[61, 20000] loss: 0.169
[61, 22000] loss: 0.187
[61, 24000] loss: 0.208
[61, 26000] loss: 0.211
[61, 28000] loss: 0.168
[61, 30000] loss: 0.165
[61, 32000] loss: 0.214
[61, 34000] loss: 0.179
[61, 36000] loss: 0.203
[61, 38000] loss: 0.201
[62,  2000] loss: 0.154
[62,  4000] loss: 0.171
[62,  6000] loss: 0.151
[62,  8000] loss: 0.150
[62, 10000] loss: 0.191
[62, 12000] loss: 0.157
[62, 14000] loss: 0.182
[62, 16000] loss: 0.168
[62, 18000] loss: 0.176
[62, 20000] loss: 0.169
[62, 22000] loss: 0.187
[62, 24000] loss: 0.208
[62, 26000] loss: 0.211
[62, 28000] loss: 0.167
[62, 30000] loss: 0.165
[62, 32000] loss: 0.213
[62, 34000] loss: 0.179
[62, 36000] loss: 0.203
[62, 38000] loss: 0.201
[63,  2000] loss: 0.154
[63,  4000] loss: 0.171
[63,  6000] loss: 0.150
[63,  8000] loss: 0.150
[63, 10000] loss: 0.190
[63, 12000] loss: 0.157
[63, 14000] loss: 0.182
[63, 16000] loss: 0.168
[63, 18000] loss: 0.176
[63, 20000] loss: 0.169
[63, 22000] loss: 0.187
[63, 24000] loss: 0.206
[63, 26000] loss: 0.211
[63, 28000] loss: 0.166
[63, 30000] loss: 0.165
[63, 32000] loss: 0.213
[63, 34000] loss: 0.179
[63, 36000] loss: 0.203
[63, 38000] loss: 0.200
[64,  2000] loss: 0.154
[64,  4000] loss: 0.170
[64,  6000] loss: 0.149
[64,  8000] loss: 0.150
[64, 10000] loss: 0.189
[64, 12000] loss: 0.157
[64, 14000] loss: 0.182
[64, 16000] loss: 0.167
[64, 18000] loss: 0.176
[64, 20000] loss: 0.168
[64, 22000] loss: 0.186
[64, 24000] loss: 0.207
[64, 26000] loss: 0.210
[64, 28000] loss: 0.166
[64, 30000] loss: 0.164
[64, 32000] loss: 0.212
[64, 34000] loss: 0.178
[64, 36000] loss: 0.203
[64, 38000] loss: 0.200
[65,  2000] loss: 0.154
[65,  4000] loss: 0.170
[65,  6000] loss: 0.149
[65,  8000] loss: 0.150
[65, 10000] loss: 0.190
[65, 12000] loss: 0.156
[65, 14000] loss: 0.182
[65, 16000] loss: 0.167
[65, 18000] loss: 0.175
[65, 20000] loss: 0.168
[65, 22000] loss: 0.186
[65, 24000] loss: 0.207
[65, 26000] loss: 0.210
[65, 28000] loss: 0.165
[65, 30000] loss: 0.164
[65, 32000] loss: 0.212
[65, 34000] loss: 0.178
[65, 36000] loss: 0.202
[65, 38000] loss: 0.199
[66,  2000] loss: 0.153
[66,  4000] loss: 0.170
[66,  6000] loss: 0.149
[66,  8000] loss: 0.150
[66, 10000] loss: 0.190
[66, 12000] loss: 0.156
[66, 14000] loss: 0.182
[66, 16000] loss: 0.167
[66, 18000] loss: 0.175
[66, 20000] loss: 0.168
[66, 22000] loss: 0.186
[66, 24000] loss: 0.205
[66, 26000] loss: 0.210
[66, 28000] loss: 0.165
[66, 30000] loss: 0.164
[66, 32000] loss: 0.211
[66, 34000] loss: 0.178
[66, 36000] loss: 0.202
[66, 38000] loss: 0.199
[67,  2000] loss: 0.153
[67,  4000] loss: 0.169
[67,  6000] loss: 0.149
[67,  8000] loss: 0.149
[67, 10000] loss: 0.189
[67, 12000] loss: 0.156
[67, 14000] loss: 0.182
[67, 16000] loss: 0.166
[67, 18000] loss: 0.175
[67, 20000] loss: 0.167
[67, 22000] loss: 0.185
[67, 24000] loss: 0.206
[67, 26000] loss: 0.210
[67, 28000] loss: 0.165
[67, 30000] loss: 0.164
[67, 32000] loss: 0.211
[67, 34000] loss: 0.178
[67, 36000] loss: 0.202
[67, 38000] loss: 0.198
[68,  2000] loss: 0.153
[68,  4000] loss: 0.169
[68,  6000] loss: 0.148
[68,  8000] loss: 0.149
[68, 10000] loss: 0.189
[68, 12000] loss: 0.155
[68, 14000] loss: 0.182
[68, 16000] loss: 0.166
[68, 18000] loss: 0.175
[68, 20000] loss: 0.167
[68, 22000] loss: 0.185
[68, 24000] loss: 0.206
[68, 26000] loss: 0.209
[68, 28000] loss: 0.164
[68, 30000] loss: 0.163
[68, 32000] loss: 0.210
[68, 34000] loss: 0.178
[68, 36000] loss: 0.201
[68, 38000] loss: 0.197
[69,  2000] loss: 0.153
[69,  4000] loss: 0.168
[69,  6000] loss: 0.148
[69,  8000] loss: 0.149
[69, 10000] loss: 0.189
[69, 12000] loss: 0.155
[69, 14000] loss: 0.182
[69, 16000] loss: 0.166
[69, 18000] loss: 0.174
[69, 20000] loss: 0.167
[69, 22000] loss: 0.185
[69, 24000] loss: 0.205
[69, 26000] loss: 0.209
[69, 28000] loss: 0.164
[69, 30000] loss: 0.163
[69, 32000] loss: 0.210
[69, 34000] loss: 0.177
[69, 36000] loss: 0.201
[69, 38000] loss: 0.197
[70,  2000] loss: 0.152
[70,  4000] loss: 0.168
[70,  6000] loss: 0.148
[70,  8000] loss: 0.148
[70, 10000] loss: 0.189
[70, 12000] loss: 0.154
[70, 14000] loss: 0.182
[70, 16000] loss: 0.165
[70, 18000] loss: 0.174
[70, 20000] loss: 0.166
[70, 22000] loss: 0.185
[70, 24000] loss: 0.205
[70, 26000] loss: 0.209
[70, 28000] loss: 0.164
[70, 30000] loss: 0.163
[70, 32000] loss: 0.209
[70, 34000] loss: 0.177
[70, 36000] loss: 0.201
[70, 38000] loss: 0.196
[71,  2000] loss: 0.152
[71,  4000] loss: 0.167
[71,  6000] loss: 0.148
[71,  8000] loss: 0.148
[71, 10000] loss: 0.188
[71, 12000] loss: 0.154
[71, 14000] loss: 0.182
[71, 16000] loss: 0.165
[71, 18000] loss: 0.174
[71, 20000] loss: 0.166
[71, 22000] loss: 0.184
[71, 24000] loss: 0.205
[71, 26000] loss: 0.208
[71, 28000] loss: 0.163
[71, 30000] loss: 0.162
[71, 32000] loss: 0.209
[71, 34000] loss: 0.177
[71, 36000] loss: 0.201
[71, 38000] loss: 0.195
[72,  2000] loss: 0.152
[72,  4000] loss: 0.167
[72,  6000] loss: 0.148
[72,  8000] loss: 0.148
[72, 10000] loss: 0.188
[72, 12000] loss: 0.153
[72, 14000] loss: 0.182
[72, 16000] loss: 0.165
[72, 18000] loss: 0.174
[72, 20000] loss: 0.166
[72, 22000] loss: 0.184
[72, 24000] loss: 0.204
[72, 26000] loss: 0.207
[72, 28000] loss: 0.163
[72, 30000] loss: 0.162
[72, 32000] loss: 0.208
[72, 34000] loss: 0.177
[72, 36000] loss: 0.201
[72, 38000] loss: 0.195
[73,  2000] loss: 0.152
[73,  4000] loss: 0.166
[73,  6000] loss: 0.148
[73,  8000] loss: 0.148
[73, 10000] loss: 0.188
[73, 12000] loss: 0.153
[73, 14000] loss: 0.182
[73, 16000] loss: 0.164
[73, 18000] loss: 0.173
[73, 20000] loss: 0.166
[73, 22000] loss: 0.184
[73, 24000] loss: 0.204
[73, 26000] loss: 0.207
[73, 28000] loss: 0.163
[73, 30000] loss: 0.162
[73, 32000] loss: 0.208
[73, 34000] loss: 0.177
[73, 36000] loss: 0.200
[73, 38000] loss: 0.194
[74,  2000] loss: 0.152
[74,  4000] loss: 0.167
[74,  6000] loss: 0.147
[74,  8000] loss: 0.147
[74, 10000] loss: 0.188
[74, 12000] loss: 0.153
[74, 14000] loss: 0.182
[74, 16000] loss: 0.164
[74, 18000] loss: 0.173
[74, 20000] loss: 0.165
[74, 22000] loss: 0.184
[74, 24000] loss: 0.204
[74, 26000] loss: 0.207
[74, 28000] loss: 0.163
[74, 30000] loss: 0.162
[74, 32000] loss: 0.207
[74, 34000] loss: 0.176
[74, 36000] loss: 0.200
[74, 38000] loss: 0.193
[75,  2000] loss: 0.151
[75,  4000] loss: 0.166
[75,  6000] loss: 0.147
[75,  8000] loss: 0.147
[75, 10000] loss: 0.188
[75, 12000] loss: 0.152
[75, 14000] loss: 0.182
[75, 16000] loss: 0.164
[75, 18000] loss: 0.173
[75, 20000] loss: 0.165
[75, 22000] loss: 0.184
[75, 24000] loss: 0.203
[75, 26000] loss: 0.206
[75, 28000] loss: 0.162
[75, 30000] loss: 0.161
[75, 32000] loss: 0.207
[75, 34000] loss: 0.176
[75, 36000] loss: 0.200
[75, 38000] loss: 0.193
[76,  2000] loss: 0.151
[76,  4000] loss: 0.166
[76,  6000] loss: 0.147
[76,  8000] loss: 0.147
[76, 10000] loss: 0.187
[76, 12000] loss: 0.152
[76, 14000] loss: 0.182
[76, 16000] loss: 0.163
[76, 18000] loss: 0.172
[76, 20000] loss: 0.165
[76, 22000] loss: 0.183
[76, 24000] loss: 0.203
[76, 26000] loss: 0.206
[76, 28000] loss: 0.162
[76, 30000] loss: 0.161
[76, 32000] loss: 0.207
[76, 34000] loss: 0.176
[76, 36000] loss: 0.200
[76, 38000] loss: 0.193
[77,  2000] loss: 0.151
[77,  4000] loss: 0.165
[77,  6000] loss: 0.146
[77,  8000] loss: 0.146
[77, 10000] loss: 0.186
[77, 12000] loss: 0.151
[77, 14000] loss: 0.182
[77, 16000] loss: 0.163
[77, 18000] loss: 0.172
[77, 20000] loss: 0.164
[77, 22000] loss: 0.183
[77, 24000] loss: 0.203
[77, 26000] loss: 0.206
[77, 28000] loss: 0.161
[77, 30000] loss: 0.161
[77, 32000] loss: 0.206
[77, 34000] loss: 0.176
[77, 36000] loss: 0.200
[77, 38000] loss: 0.192
[78,  2000] loss: 0.151
[78,  4000] loss: 0.165
[78,  6000] loss: 0.147
[78,  8000] loss: 0.146
[78, 10000] loss: 0.187
[78, 12000] loss: 0.151
[78, 14000] loss: 0.182
[78, 16000] loss: 0.163
[78, 18000] loss: 0.172
[78, 20000] loss: 0.164
[78, 22000] loss: 0.183
[78, 24000] loss: 0.202
[78, 26000] loss: 0.206
[78, 28000] loss: 0.161
[78, 30000] loss: 0.160
[78, 32000] loss: 0.206
[78, 34000] loss: 0.175
[78, 36000] loss: 0.199
[78, 38000] loss: 0.192
[79,  2000] loss: 0.151
[79,  4000] loss: 0.165
[79,  6000] loss: 0.146
[79,  8000] loss: 0.146
[79, 10000] loss: 0.187
[79, 12000] loss: 0.151
[79, 14000] loss: 0.182
[79, 16000] loss: 0.163
[79, 18000] loss: 0.172
[79, 20000] loss: 0.164
[79, 22000] loss: 0.182
[79, 24000] loss: 0.202
[79, 26000] loss: 0.206
[79, 28000] loss: 0.160
[79, 30000] loss: 0.160
[79, 32000] loss: 0.206
[79, 34000] loss: 0.175
[79, 36000] loss: 0.199
[79, 38000] loss: 0.191
[80,  2000] loss: 0.151
[80,  4000] loss: 0.164
[80,  6000] loss: 0.146
[80,  8000] loss: 0.146
[80, 10000] loss: 0.187
[80, 12000] loss: 0.150
[80, 14000] loss: 0.183
[80, 16000] loss: 0.162
[80, 18000] loss: 0.171
[80, 20000] loss: 0.164
[80, 22000] loss: 0.182
[80, 24000] loss: 0.202
[80, 26000] loss: 0.205
[80, 28000] loss: 0.160
[80, 30000] loss: 0.160
[80, 32000] loss: 0.205
[80, 34000] loss: 0.175
[80, 36000] loss: 0.199
[80, 38000] loss: 0.191
[81,  2000] loss: 0.150
[81,  4000] loss: 0.164
[81,  6000] loss: 0.146
[81,  8000] loss: 0.145
[81, 10000] loss: 0.186
[81, 12000] loss: 0.150
[81, 14000] loss: 0.183
[81, 16000] loss: 0.162
[81, 18000] loss: 0.171
[81, 20000] loss: 0.163
[81, 22000] loss: 0.182
[81, 24000] loss: 0.202
[81, 26000] loss: 0.205
[81, 28000] loss: 0.160
[81, 30000] loss: 0.159
[81, 32000] loss: 0.205
[81, 34000] loss: 0.174
[81, 36000] loss: 0.199
[81, 38000] loss: 0.191
[82,  2000] loss: 0.150
[82,  4000] loss: 0.164
[82,  6000] loss: 0.146
[82,  8000] loss: 0.145
[82, 10000] loss: 0.186
[82, 12000] loss: 0.150
[82, 14000] loss: 0.183
[82, 16000] loss: 0.162
[82, 18000] loss: 0.171
[82, 20000] loss: 0.163
[82, 22000] loss: 0.182
[82, 24000] loss: 0.201
[82, 26000] loss: 0.205
[82, 28000] loss: 0.159
[82, 30000] loss: 0.159
[82, 32000] loss: 0.205
[82, 34000] loss: 0.174
[82, 36000] loss: 0.199
[82, 38000] loss: 0.190
[83,  2000] loss: 0.150
[83,  4000] loss: 0.164
[83,  6000] loss: 0.146
[83,  8000] loss: 0.145
[83, 10000] loss: 0.186
[83, 12000] loss: 0.149
[83, 14000] loss: 0.183
[83, 16000] loss: 0.161
[83, 18000] loss: 0.171
[83, 20000] loss: 0.163
[83, 22000] loss: 0.182
[83, 24000] loss: 0.201
[83, 26000] loss: 0.204
[83, 28000] loss: 0.159
[83, 30000] loss: 0.159
[83, 32000] loss: 0.204
[83, 34000] loss: 0.174
[83, 36000] loss: 0.199
[83, 38000] loss: 0.189
[84,  2000] loss: 0.150
[84,  4000] loss: 0.163
[84,  6000] loss: 0.145
[84,  8000] loss: 0.145
[84, 10000] loss: 0.186
[84, 12000] loss: 0.149
[84, 14000] loss: 0.183
[84, 16000] loss: 0.161
[84, 18000] loss: 0.170
[84, 20000] loss: 0.163
[84, 22000] loss: 0.181
[84, 24000] loss: 0.201
[84, 26000] loss: 0.204
[84, 28000] loss: 0.159
[84, 30000] loss: 0.159
[84, 32000] loss: 0.203
[84, 34000] loss: 0.174
[84, 36000] loss: 0.199
[84, 38000] loss: 0.189
[85,  2000] loss: 0.149
[85,  4000] loss: 0.163
[85,  6000] loss: 0.145
[85,  8000] loss: 0.144
[85, 10000] loss: 0.184
[85, 12000] loss: 0.148
[85, 14000] loss: 0.183
[85, 16000] loss: 0.160
[85, 18000] loss: 0.170
[85, 20000] loss: 0.162
[85, 22000] loss: 0.181
[85, 24000] loss: 0.201
[85, 26000] loss: 0.204
[85, 28000] loss: 0.158
[85, 30000] loss: 0.158
[85, 32000] loss: 0.203
[85, 34000] loss: 0.174
[85, 36000] loss: 0.199
[85, 38000] loss: 0.189
[86,  2000] loss: 0.149
[86,  4000] loss: 0.163
[86,  6000] loss: 0.145
[86,  8000] loss: 0.144
[86, 10000] loss: 0.185
[86, 12000] loss: 0.148
[86, 14000] loss: 0.183
[86, 16000] loss: 0.160
[86, 18000] loss: 0.170
[86, 20000] loss: 0.162
[86, 22000] loss: 0.180
[86, 24000] loss: 0.200
[86, 26000] loss: 0.204
[86, 28000] loss: 0.158
[86, 30000] loss: 0.158
[86, 32000] loss: 0.203
[86, 34000] loss: 0.173
[86, 36000] loss: 0.199
[86, 38000] loss: 0.188
[87,  2000] loss: 0.149
[87,  4000] loss: 0.162
[87,  6000] loss: 0.145
[87,  8000] loss: 0.144
[87, 10000] loss: 0.185
[87, 12000] loss: 0.148
[87, 14000] loss: 0.183
[87, 16000] loss: 0.160
[87, 18000] loss: 0.170
[87, 20000] loss: 0.162
[87, 22000] loss: 0.180
[87, 24000] loss: 0.200
[87, 26000] loss: 0.204
[87, 28000] loss: 0.157
[87, 30000] loss: 0.158
[87, 32000] loss: 0.202
[87, 34000] loss: 0.173
[87, 36000] loss: 0.198
[87, 38000] loss: 0.188
[88,  2000] loss: 0.149
[88,  4000] loss: 0.162
[88,  6000] loss: 0.145
[88,  8000] loss: 0.144
[88, 10000] loss: 0.185
[88, 12000] loss: 0.148
[88, 14000] loss: 0.183
[88, 16000] loss: 0.160
[88, 18000] loss: 0.169
[88, 20000] loss: 0.161
[88, 22000] loss: 0.180
[88, 24000] loss: 0.200
[88, 26000] loss: 0.203
[88, 28000] loss: 0.157
[88, 30000] loss: 0.157
[88, 32000] loss: 0.202
[88, 34000] loss: 0.173
[88, 36000] loss: 0.198
[88, 38000] loss: 0.187
[89,  2000] loss: 0.148
[89,  4000] loss: 0.162
[89,  6000] loss: 0.144
[89,  8000] loss: 0.144
[89, 10000] loss: 0.185
[89, 12000] loss: 0.147
[89, 14000] loss: 0.183
[89, 16000] loss: 0.159
[89, 18000] loss: 0.169
[89, 20000] loss: 0.161
[89, 22000] loss: 0.179
[89, 24000] loss: 0.200
[89, 26000] loss: 0.203
[89, 28000] loss: 0.157
[89, 30000] loss: 0.157
[89, 32000] loss: 0.202
[89, 34000] loss: 0.172
[89, 36000] loss: 0.198
[89, 38000] loss: 0.187
[90,  2000] loss: 0.148
[90,  4000] loss: 0.161
[90,  6000] loss: 0.144
[90,  8000] loss: 0.143
[90, 10000] loss: 0.184
[90, 12000] loss: 0.147
[90, 14000] loss: 0.183
[90, 16000] loss: 0.159
[90, 18000] loss: 0.169
[90, 20000] loss: 0.161
[90, 22000] loss: 0.179
[90, 24000] loss: 0.202
[90, 26000] loss: 0.203
[90, 28000] loss: 0.156
[90, 30000] loss: 0.157
[90, 32000] loss: 0.201
[90, 34000] loss: 0.172
[90, 36000] loss: 0.198
[90, 38000] loss: 0.187
[91,  2000] loss: 0.148
[91,  4000] loss: 0.161
[91,  6000] loss: 0.144
[91,  8000] loss: 0.143
[91, 10000] loss: 0.184
[91, 12000] loss: 0.146
[91, 14000] loss: 0.183
[91, 16000] loss: 0.159
[91, 18000] loss: 0.169
[91, 20000] loss: 0.161
[91, 22000] loss: 0.179
[91, 24000] loss: 0.201
[91, 26000] loss: 0.203
[91, 28000] loss: 0.156
[91, 30000] loss: 0.157
[91, 32000] loss: 0.201
[91, 34000] loss: 0.172
[91, 36000] loss: 0.198
[91, 38000] loss: 0.186
[92,  2000] loss: 0.148
[92,  4000] loss: 0.161
[92,  6000] loss: 0.144
[92,  8000] loss: 0.143
[92, 10000] loss: 0.183
[92, 12000] loss: 0.146
[92, 14000] loss: 0.183
[92, 16000] loss: 0.158
[92, 18000] loss: 0.169
[92, 20000] loss: 0.160
[92, 22000] loss: 0.179
[92, 24000] loss: 0.201
[92, 26000] loss: 0.202
[92, 28000] loss: 0.156
[92, 30000] loss: 0.157
[92, 32000] loss: 0.201
[92, 34000] loss: 0.172
[92, 36000] loss: 0.198
[92, 38000] loss: 0.186
[93,  2000] loss: 0.148
[93,  4000] loss: 0.160
[93,  6000] loss: 0.144
[93,  8000] loss: 0.143
[93, 10000] loss: 0.184
[93, 12000] loss: 0.146
[93, 14000] loss: 0.183
[93, 16000] loss: 0.158
[93, 18000] loss: 0.168
[93, 20000] loss: 0.160
[93, 22000] loss: 0.179
[93, 24000] loss: 0.201
[93, 26000] loss: 0.202
[93, 28000] loss: 0.156
[93, 30000] loss: 0.156
[93, 32000] loss: 0.200
[93, 34000] loss: 0.172
[93, 36000] loss: 0.198
[93, 38000] loss: 0.186
[94,  2000] loss: 0.147
[94,  4000] loss: 0.160
[94,  6000] loss: 0.144
[94,  8000] loss: 0.143
[94, 10000] loss: 0.183
[94, 12000] loss: 0.146
[94, 14000] loss: 0.183
[94, 16000] loss: 0.158
[94, 18000] loss: 0.169
[94, 20000] loss: 0.160
[94, 22000] loss: 0.178
[94, 24000] loss: 0.201
[94, 26000] loss: 0.202
[94, 28000] loss: 0.155
[94, 30000] loss: 0.156
[94, 32000] loss: 0.200
[94, 34000] loss: 0.171
[94, 36000] loss: 0.197
[94, 38000] loss: 0.186
[95,  2000] loss: 0.147
[95,  4000] loss: 0.160
[95,  6000] loss: 0.143
[95,  8000] loss: 0.143
[95, 10000] loss: 0.183
[95, 12000] loss: 0.145
[95, 14000] loss: 0.183
[95, 16000] loss: 0.158
[95, 18000] loss: 0.168
[95, 20000] loss: 0.159
[95, 22000] loss: 0.178
[95, 24000] loss: 0.200
[95, 26000] loss: 0.202
[95, 28000] loss: 0.155
[95, 30000] loss: 0.156
[95, 32000] loss: 0.200
[95, 34000] loss: 0.171
[95, 36000] loss: 0.197
[95, 38000] loss: 0.185
[96,  2000] loss: 0.147
[96,  4000] loss: 0.160
[96,  6000] loss: 0.143
[96,  8000] loss: 0.143
[96, 10000] loss: 0.183
[96, 12000] loss: 0.145
[96, 14000] loss: 0.183
[96, 16000] loss: 0.157
[96, 18000] loss: 0.168
[96, 20000] loss: 0.159
[96, 22000] loss: 0.178
[96, 24000] loss: 0.200
[96, 26000] loss: 0.202
[96, 28000] loss: 0.155
[96, 30000] loss: 0.156
[96, 32000] loss: 0.199
[96, 34000] loss: 0.171
[96, 36000] loss: 0.197
[96, 38000] loss: 0.185
[97,  2000] loss: 0.147
[97,  4000] loss: 0.159
[97,  6000] loss: 0.143
[97,  8000] loss: 0.142
[97, 10000] loss: 0.183
[97, 12000] loss: 0.145
[97, 14000] loss: 0.183
[97, 16000] loss: 0.157
[97, 18000] loss: 0.167
[97, 20000] loss: 0.159
[97, 22000] loss: 0.178
[97, 24000] loss: 0.200
[97, 26000] loss: 0.201
[97, 28000] loss: 0.154
[97, 30000] loss: 0.155
[97, 32000] loss: 0.199
[97, 34000] loss: 0.171
[97, 36000] loss: 0.197
[97, 38000] loss: 0.185
[98,  2000] loss: 0.147
[98,  4000] loss: 0.159
[98,  6000] loss: 0.143
[98,  8000] loss: 0.142
[98, 10000] loss: 0.183
[98, 12000] loss: 0.144
[98, 14000] loss: 0.183
[98, 16000] loss: 0.157
[98, 18000] loss: 0.167
[98, 20000] loss: 0.159
[98, 22000] loss: 0.177
[98, 24000] loss: 0.200
[98, 26000] loss: 0.201
[98, 28000] loss: 0.154
[98, 30000] loss: 0.155
[98, 32000] loss: 0.199
[98, 34000] loss: 0.170
[98, 36000] loss: 0.197
[98, 38000] loss: 0.184
[99,  2000] loss: 0.147
[99,  4000] loss: 0.159
[99,  6000] loss: 0.143
[99,  8000] loss: 0.142
[99, 10000] loss: 0.182
[99, 12000] loss: 0.144
[99, 14000] loss: 0.183
[99, 16000] loss: 0.157
[99, 18000] loss: 0.167
[99, 20000] loss: 0.158
[99, 22000] loss: 0.177
[99, 24000] loss: 0.200
[99, 26000] loss: 0.201
[99, 28000] loss: 0.154
[99, 30000] loss: 0.155
[99, 32000] loss: 0.198
[99, 34000] loss: 0.170
[99, 36000] loss: 0.197
[99, 38000] loss: 0.184
[100,  2000] loss: 0.146
[100,  4000] loss: 0.159
[100,  6000] loss: 0.143
[100,  8000] loss: 0.142
[100, 10000] loss: 0.182
[100, 12000] loss: 0.144
[100, 14000] loss: 0.184
[100, 16000] loss: 0.156
[100, 18000] loss: 0.167
[100, 20000] loss: 0.158
[100, 22000] loss: 0.177
[100, 24000] loss: 0.199
[100, 26000] loss: 0.201
[100, 28000] loss: 0.153
[100, 30000] loss: 0.155
[100, 32000] loss: 0.198
[100, 34000] loss: 0.170
[100, 36000] loss: 0.197
[100, 38000] loss: 0.184
[101,  2000] loss: 0.146
[101,  4000] loss: 0.159
[101,  6000] loss: 0.142
[101,  8000] loss: 0.141
[101, 10000] loss: 0.182
[101, 12000] loss: 0.143
[101, 14000] loss: 0.184
[101, 16000] loss: 0.156
[101, 18000] loss: 0.167
[101, 20000] loss: 0.158
[101, 22000] loss: 0.177
[101, 24000] loss: 0.199
[101, 26000] loss: 0.201
[101, 28000] loss: 0.153
[101, 30000] loss: 0.155
[101, 32000] loss: 0.198
[101, 34000] loss: 0.170
[101, 36000] loss: 0.197
[101, 38000] loss: 0.184
[102,  2000] loss: 0.146
[102,  4000] loss: 0.158
[102,  6000] loss: 0.142
[102,  8000] loss: 0.141
[102, 10000] loss: 0.181
[102, 12000] loss: 0.143
[102, 14000] loss: 0.184
[102, 16000] loss: 0.156
[102, 18000] loss: 0.166
[102, 20000] loss: 0.158
[102, 22000] loss: 0.176
[102, 24000] loss: 0.199
[102, 26000] loss: 0.200
[102, 28000] loss: 0.153
[102, 30000] loss: 0.154
[102, 32000] loss: 0.197
[102, 34000] loss: 0.170
[102, 36000] loss: 0.196
[102, 38000] loss: 0.184
[103,  2000] loss: 0.146
[103,  4000] loss: 0.158
[103,  6000] loss: 0.142
[103,  8000] loss: 0.141
[103, 10000] loss: 0.182
[103, 12000] loss: 0.143
[103, 14000] loss: 0.183
[103, 16000] loss: 0.156
[103, 18000] loss: 0.166
[103, 20000] loss: 0.157
[103, 22000] loss: 0.176
