54.0
96.0
106.0
96.0
130.0
28.0
63.0
133.0
58.0
67.0
78.0
61.0
125.0
48.0
106.0
64.0
84.0
62.0
41.0
83.0
46.0
27.0
48.0
82.0
64.0
97.0
93.0
70.0
96.0
87.0
35.0
20.0
44.0
241.0
43.0
93.0
76.0
54.0
66.0
84.0
44.0
32.0
46.0
89.0
124.0
50.0
71.0
91.0
29.0
29.0
29.0
62.0
62.0
97.0
81.0
86.0
58.0
65.0
54.0
21.0
89.0
295.0
106.0
81.0
60.0
95.0
86.0
82.0
76.0
89.0
55.0
77.0
51.0
41.0
86.0
95.0
40.0
27.0
104.0
52.0
153.0
92.0
79.0
74.0
85.0
101.0
64.0
62.0
51.0
38.0
83.0
87.0
62.0
79.0
142.0
59.0
68.0
143.0
44.0
78.0
72.0
63.0
36.0
72.0
28.0
32.0
117.0
45.0
55.0
17.0
50.0
119.0
33.0
87.0
54.0
25.0
68.0
53.0
54.0
92.0
42.0
89.0
135.0
60.0
70.0
111.0
117.0
135.0
290.0
255.0
77.0
90.0
135.0
59.0
97.0
71.0
104.0
244.0
19.0
88.0
52.0
26.0
42.0
54.0
27.0
22.0
46.0
42.0
9.0
32.0
15.0
37.0
59.0
22.0
7.0
16.0
22.0
53.0
15.0
40.0
11.0
16.0
22.0
12.0
18.0
275.0
14.0
9.0
12.0
52.0
37.0
43.0
22.0
95.0
61.0
19.0
29.0
94.0
21.0
53.0
36.0
47.0
29.0
241.0
68.0
89.0
38.0
68.0
51.0
44.0
63.0
46.0
26.0
19.0
28.0
158.0
32.0
32.0
97.0
38.0
111.0
22.0
107.0
29.0
43.0
42.0
66.0
59.0
270.0
80.0
56.0
22.0
250.0
61.0
70.0
72.0
204.0
88.0
30.0
61.0
78.0
72.0
121.0
45.0
116.0
115.0
61.0
27.0
121.0
111.0
141.0
88.0
69.0
88.0
43.0
41.0
34.0
132.0
94.0
75.0
52.0
75.0
98.0
84.0
111.0
83.0
92.0
42.0
99.0
90.0
94.0
405.0
213.0
99.0
75.0
78.0
47.0
55.0
53.0
79.0
134.0
59.0
66.0
93.0
30.0
92.0
248.0
16.0
50.0
79.0
76.0
29.0
77.0
32.0
26.0
47.0
81.0
37.0
31.0
32.0
223.0
43.0
62.0
45.0
146.0
51.0
51.0
34.0
154.0
74.0
128.0
77.0
49.0
58.0
82.0
99.0
115.0
75.0
78.0
14.0
52.0
75.0
23.0
86.0
73.0
60.0
74.0
69.0
94.0
59.0
66.0
99.0
17.0
64.0
71.0
119.0
72.0
115.0
63.0
137.0
115.0
50.0
31.0
35.0
64.0
86.0
81.0
46.0
68.0
33.0
43.0
61.0
36.0
34.0
42.0
71.0
66.0
78.0
146.0
75.0
73.0
47.0
43.0
42.0
40.0
80.0
73.0
10.0
72.0
14.0
44.0
12.0
22.0
46.0
18.0
45.0
44.0
17.0
44.0
77.0
57.0
20.0
55.0
39.0
23.0
54.0
23.0
55.0
23.0
42.0
32.0
29.0
16.0
73.0
13.0
17.0
20.0
9.0
19.0
46.0
5.0
36.0
13.0
23.0
8.0
29.0
17.0
31.0
13.0
12.0
19.0
52.0
51.0
29.0
14.0
42.0
18.0
22.0
43.0
312.0
66.0
40.0
220.0
70.0
73.0
76.0
31.0
146.0
70.0
134.0
102.0
95.0
28.0
76.0
60.0
125.0
109.0
27.0
82.0
262.0
16.0
44.0
31.0
75.0
73.0
32.0
30.0
110.0
217.0
25.0
52.0
66.0
65.0
67.0
23.0
19.0
37.0
13.0
312.0
29.0
43.0
15.0
12.0
20.0
33.0
34.0
38.0
27.0
122.0
64.0
18.0
59.0
70.0
87.0
36.0
14.0
21.0
32.0
80.0
42.0
63.0
55.0
87.0
40.0
82.0
80.0
42.0
125.0
47.0
48.0
76.0
38.0
13.0
48.0
21.0
15.0
69.0
36.0
62.0
99.0
31.0
27.0
44.0
21.0
50.0
98.0
74.0
14.0
79.0
312.0
20.0
21.0
19.0
14.0
44.0
54.0
92.0
20.0
64.0
17.0
30.0
32.0
40.0
18.0
49.0
55.0
20.0
45.0
66.0
43.0
28.0
32.0
58.0
45.0
55.0
75.0
28.0
72.0
80.0
33.0
37.0
21.0
16.0
89.0
39.0
26.0
48.0
33.0
27.0
67.0
126.0
28.0
96.0
19.0
98.0
28.0
77.0
91.0
71.0
45.0
71.0
24.0
73.0
48.0
48.0
26.0
49.0
22.0
50.0
24.0
104.0
47.0
24.0
37.0
28.0
35.0
36.0
9.0
78.0
24.0
38.0
42.0
23.0
79.0
39.0
40.0
50.0
23.0
39.0
19.0
22.0
37.0
40.0
13.0
26.0
61.0
83.0
38.0
16.0
97.0
14.0
27.0
43.0
17.0
37.0
90.0
86.0
68.0
34.0
45.0
103.0
23.0
32.0
59.0
77.0
58.0
53.0
44.0
68.0
26.0
24.0
15.0
90.0
77.0
45.0
28.0
44.0
43.0
43.0
20.0
41.0
74.0
63.0
25.0
13.0
56.0
68.0
36.0
33.0
204.0
66.0
74.0
44.0
27.0
52.0
18.0
24.0
24.0
25.0
20.0
28.0
28.0
38.0
40.0
47.0
20.0
17.0
71.0
88.0
58.0
31.0
21.0
23.0
75.0
17.0
22.0
57.0
82.0
18.0
60.0
35.0
39.0
22.0
52.0
79.0
34.0
43.0
23.0
79.0
38.0
14.0
13.0
21.0
52.0
25.0
42.0
49.0
64.0
28.0
65.0
47.0
60.0
18.0
80.0
56.0
51.0
17.0
97.0
26.0
29.0
62.0
68.0
53.0
54.0
11.0
34.0
46.0
65.0
50.0
30.0
18.0
60.0
27.0
57.0
61.0
39.0
70.0
39.0
7.0
21.0
31.0
15.0
59.0
51.0
27.0
47.0
77.0
30.0
35.0
42.0
38.0
27.0
21.0
20.0
27.0
49.0
29.0
51.0
52.0
32.0
31.0
24.0
30.0
72.0
32.0
64.0
35.0
35.0
71.0
38.0
56.0
44.0
81.0
57.0
59.0
51.0
22.0
20.0
44.0
35.0
39.0
51.0
25.0
29.0
46.0
68.0
30.0
49.0
25.0
38.0
34.0
42.0
23.0
37.0
44.0
32.0
44.0
80.0
23.0
30.0
14.0
62.0
27.0
50.0
34.0
18.0
29.0
24.0
53.0
128.0
56.0
29.0
45.0
72.0
45.0
53.0
75.0
41.0
58.0
23.0
34.0
61.0
53.0
17.0
38.0
57.0
9.0
30.0
21.0
32.0
55.0
76.0
35.0
33.0
45.0
79.0
79.0
43.0
64.0
21.0
265.0
92.0
24.0
49.0
30.0
21.0
44.0
129.0
24.0
27.0
14.0
16.0
24.0
32.0
16.0
55.0
26.0
45.0
62.0
47.0
50.0
32.0
18.0
54.0
37.0
56.0
42.0
39.0
28.0
41.0
58.0
32.0
29.0
19.0
41.0
14.0
76.0
39.0
47.0
27.0
53.0
18.0
19.0
72.0
55.0
19.0
36.0
19.0
40.0
34.0
38.0
48.0
30.0
21.0
38.0
62.0
59.0
37.0
55.0
15.0
51.0
36.0
65.0
23.0
41.0
60.0
60.0
70.0
19.0
83.0
26.0
11.0
95.0
46.0
41.0
18.0
24.0
8.0
30.0
7.0
50.0
45.0
42.0
23.0
44.0
29.0
14.0
41.0
51.0
21.0
44.0
69.0
44.0
38.0
13.0
33.0
53.0
75.0
20.0
21.0
29.0
29.0
18.0
26.0
46.0
29.0
65.0
10.0
37.0
20.0
26.0
18.0
47.0
17.0
50.0
128.0
48.0
90.0
29.0
56.0
93.0
65.0
67.0
17.0
42.0
28.0
18.0
58.0
53.0
55.0
50.0
49.0
52.0
64.0
43.0
38.0
42.0
72.0
70.0
36.0
24.0
34.0
38.0
43.0
39.0
38.0
30.0
27.0
33.0
29.0
74.0
17.0
42.0
53.0
44.0
42.0
82.0
30.0
53.0
29.0
91.0
31.0
52.0
59.0
69.0
60.0
27.0
20.0
66.0
35.0
37.0
89.0
25.0
32.0
14.0
41.0
28.0
69.0
19.0
57.0
54.0
60.0
63.0
16.0
50.0
60.0
15.0
103.0
80.0
31.0
54.0
24.0
24.0
21.0
24.0
92.0
33.0
40.0
81.0
9.0
30.0
19.0
58.0
40.0
59.0
55.0
33.0
60.0
10.0
41.0
18.0
46.0
22.0
21.0
41.0
17.0
60.0
69.0
21.0
18.0
34.0
60.0
30.0
44.0
57.0
52.0
45.0
71.0
19.0
29.0
39.0
33.0
100.0
60.0
49.0
25.0
44.0
87.0
78.0
21.0
21.0
74.0
14.0
18.0
41.0
41.0
60.0
24.0
63.0
30.0
22.0
28.0
43.0
45.0
52.0
51.0
30.0
26.0
40.0
33.0
48.0
26.0
74.0
25.0
58.0
11.0
9.0
39.0
55.0
45.0
39.0
49.0
18.0
71.0
34.0
33.0
46.0
22.0
54.0
21.0
20.0
29.0
26.0
30.0
72.0
16.0
25.0
67.0
31.0
58.0
29.0
21.0
60.0
42.0
61.0
77.0
35.0
41.0
55.0
29.0
40.0
37.0
63.0
32.0
14.0
42.0
33.0
45.0
26.0
29.0
49.0
30.0
34.0
31.0
60.0
47.0
19.0
28.0
24.0
16.0
41.0
20.0
47.0
22.0
21.0
52.0
28.0
33.0
59.0
106.0
16.0
47.0
103.0
13.0
19.0
63.0
46.0
43.0
20.0
73.0
19.0
65.0
22.0
40.0
49.0
19.0
62.0
38.0
15.0
34.0
13.0
31.0
11.0
43.0
15.0
59.0
17.0
17.0
38.0
29.0
13.0
50.0
88.0
15.0
32.0
24.0
57.0
25.0
15.0
18.0
37.0
48.0
19.0
14.0
29.0
74.0
39.0
19.0
83.0
25.0
48.0
101.0
26.0
78.0
11.0
39.0
29.0
20.0
46.0
20.0
27.0
28.0
58.0
59.0
46.0
43.0
17.0
51.0
22.0
56.0
25.0
37.0
29.0
32.0
49.0
17.0
31.0
20.0
29.0
37.0
14.0
41.0
46.0
12.0
11.0
48.0
28.0
24.0
66.0
63.0
21.0
48.0
25.0
44.0
22.0
25.0
84.0
48.0
45.0
19.0
63.0
46.0
33.0
29.0
48.0
55.0
39.0
78.0
38.0
47.0
36.0
62.0
25.0
21.0
45.0
9.0
40.0
27.0
25.0
27.0
75.0
22.0
32.0
26.0
32.0
32.0
64.0
63.0
37.0
27.0
29.0
73.0
57.0
42.0
31.0
43.0
74.0
25.0
36.0
11.0
21.0
17.0
66.0
58.0
397.0
53.0
38.0
53.0
35.0
75.0
28.0
15.0
32.0
20.0
19.0
25.0
25.0
52.0
26.0
29.0
50.0
27.0
37.0
72.0
13.0
89.0
30.0
61.0
35.0
32.0
55.0
29.0
36.0
21.0
31.0
31.0
29.0
49.0
30.0
19.0
54.0
27.0
72.0
70.0
44.0
45.0
32.0
28.0
41.0
45.0
18.0
47.0
34.0
49.0
31.0
26.0
9.0
45.0
23.0
61.0
35.0
34.0
63.0
72.0
74.0
49.0
45.0
30.0
17.0
8.0
33.0
99.0
11.0
39.0
67.0
96.0
31.0
48.0
44.0
40.0
27.0
13.0
19.0
58.0
41.0
20.0
27.0
43.0
19.0
17.0
27.0
21.0
11.0
48.0
23.0
27.0
42.0
24.0
24.0
38.0
15.0
45.0
44.0
29.0
22.0
39.0
34.0
28.0
24.0
20.0
9.0
9.0
11.0
56.0
13.0
33.0
12.0
68.0
32.0
32.0
34.0
34.0
17.0
55.0
13.0
45.0
22.0
30.0
26.0
30.0
29.0
48.0
33.0
32.0
18.0
23.0
10.0
23.0
41.0
15.0
42.0
67.0
20.0
7.0
42.0
52.0
39.0
23.0
23.0
33.0
42.0
69.0
32.0
23.0
30.0
17.0
28.0
107.0
16.0
56.0
44.0
54.0
32.0
55.0
48.0
43.0
27.0
45.0
28.0
10.0
45.0
29.0
21.0
42.0
30.0
68.0
34.0
32.0
24.0
22.0
26.0
29.0
44.0
28.0
19.0
23.0
18.0
32.0
51.0
25.0
20.0
14.0
36.0
14.0
63.0
55.0
33.0
31.0
35.0
51.0
11.0
28.0
22.0
30.0
52.0
32.0
47.0
108.0
74.0
19.0
25.0
74.0
10.0
40.0
25.0
67.0
17.0
49.0
20.0
76.0
14.0
47.0
36.0
62.0
31.0
67.0
53.0
63.0
19.0
36.0
33.0
30.0
10.0
32.0
44.0
73.0
15.0
42.0
52.0
28.0
29.0
49.0
62.0
65.0
31.0
62.0
28.0
100.0
71.0
69.0
31.0
395.0
77.0
10.0
36.0
36.0
29.0
24.0
47.0
40.0
64.0
95.0
59.0
33.0
58.0
32.0
20.0
21.0
17.0
42.0
51.0
84.0
65.0
42.0
16.0
37.0
34.0
68.0
47.0
90.0
29.0
81.0
47.0
24.0
23.0
62.0
69.0
58.0
26.0
27.0
16.0
43.0
36.0
29.0
52.0
59.0
29.0
73.0
24.0
39.0
21.0
14.0
40.0
31.0
43.0
45.0
31.0
9.0
24.0
29.0
32.0
17.0
119.0
28.0
7.0
45.0
48.0
27.0
29.0
33.0
26.0
28.0
16.0
32.0
23.0
13.0
43.0
34.0
40.0
24.0
54.0
29.0
13.0
17.0
50.0
15.0
22.0
16.0
18.0
53.0
40.0
93.0
28.0
36.0
62.0
22.0
31.0
49.0
35.0
20.0
6.0
51.0
52.0
66.0
54.0
24.0
25.0
42.0
21.0
13.0
40.0
92.0
78.0
59.0
50.0
35.0
40.0
23.0
16.0
57.0
32.0
47.0
19.0
20.0
19.0
28.0
37.0
98.0
43.0
39.0
35.0
33.0
35.0
60.0
37.0
66.0
20.0
48.0
57.0
44.0
42.0
21.0
52.0
60.0
60.0
27.0
15.0
18.0
16.0
49.0
44.0
40.0
32.0
48.0
20.0
21.0
41.0
38.0
20.0
8.0
44.0
31.0
17.0
19.0
62.0
51.0
12.0
70.0
23.0
62.0
84.0
22.0
12.0
19.0
15.0
50.0
58.0
19.0
83.0
21.0
14.0
46.0
19.0
56.0
55.0
37.0
43.0
13.0
21.0
45.0
54.0
32.0
58.0
36.0
39.0
26.0
44.0
46.0
41.0
48.0
72.0
77.0
23.0
27.0
14.0
21.0
102.0
8.0
15.0
39.0
15.0
42.0
41.0
42.0
9.0
19.0
25.0
25.0
32.0
39.0
46.0
53.0
56.0
40.0
46.0
42.0
39.0
35.0
45.0
40.0
23.0
24.0
36.0
70.0
45.0
65.0
67.0
37.0
20.0
51.0
39.0
22.0
40.0
40.0
35.0
27.0
17.0
76.0
38.0
26.0
63.0
21.0
114.0
40.0
42.0
19.0
35.0
95.0
24.0
34.0
46.0
35.0
22.0
16.0
96.0
42.0
24.0
78.0
18.0
53.0
20.0
22.0
47.0
25.0
29.0
33.0
46.0
44.0
64.0
74.0
42.0
14.0
15.0
65.0
31.0
47.0
13.0
55.0
17.0
28.0
36.0
23.0
19.0
15.0
33.0
63.0
17.0
39.0
60.0
89.0
39.0
86.0
46.0
79.0
31.0
47.0
74.0
53.0
10.0
38.0
38.0
55.0
23.0
13.0
45.0
36.0
34.0
125.0
38.0
14.0
96.0
21.0
22.0
45.0
22.0
44.0
8.0
94.0
71.0
65.0
22.0
52.0
29.0
36.0
26.0
15.0
12.0
15.0
33.0
8.0
34.0
32.0
13.0
25.0
14.0
17.0
35.0
23.0
20.0
59.0
22.0
18.0
18.0
31.0
25.0
47.0
19.0
62.0
20.0
32.0
16.0
17.0
18.0
31.0
56.0
35.0
32.0
29.0
47.0
39.0
56.0
89.0
27.0
11.0
26.0
25.0
29.0
27.0
29.0
21.0
18.0
43.0
65.0
13.0
19.0
48.0
61.0
60.0
31.0
42.0
35.0
32.0
27.0
41.0
28.0
48.0
38.0
32.0
44.0
37.0
38.0
73.0
37.0
43.0
38.0
39.0
57.0
46.0
12.0
13.0
22.0
40.0
44.0
15.0
37.0
19.0
16.0
61.0
51.0
70.0
17.0
32.0
15.0
19.0
44.0
37.0
31.0
58.0
20.0
50.0
15.0
36.0
42.0
32.0
33.0
21.0
80.0
41.0
52.0
35.0
36.0
21.0
47.0
45.0
52.0
39.0
25.0
56.0
33.0
27.0
21.0
35.0
27.0
25.0
80.0
14.0
41.0
74.0
27.0
52.0
37.0
42.0
24.0
37.0
19.0
35.0
46.0
20.0
56.0
31.0
65.0
31.0
28.0
34.0
12.0
59.0
40.0
63.0
47.0
59.0
53.0
74.0
54.0
53.0
13.0
72.0
42.0
46.0
16.0
46.0
76.0
35.0
47.0
47.0
77.0
20.0
56.0
42.0
26.0
19.0
56.0
29.0
50.0
16.0
21.0
25.0
39.0
31.0
35.0
68.0
51.0
18.0
50.0
26.0
21.0
70.0
19.0
53.0
56.0
34.0
16.0
51.0
87.0
40.0
18.0
74.0
74.0
48.0
43.0
34.0
39.0
35.0
78.0
36.0
52.0
36.0
30.0
18.0
9.0
17.0
42.0
29.0
27.0
29.0
39.0
32.0
99.0
63.0
38.0
54.0
40.0
31.0
35.0
41.0
29.0
55.0
43.0
34.0
27.0
19.0
55.0
49.0
27.0
35.0
52.0
21.0
27.0
30.0
20.0
16.0
41.0
12.0
46.0
65.0
37.0
20.0
29.0
64.0
53.0
63.0
21.0
24.0
53.0
22.0
18.0
22.0
39.0
34.0
21.0
30.0
40.0
91.0
19.0
14.0
54.0
23.0
51.0
83.0
29.0
37.0
21.0
28.0
37.0
15.0
67.0
34.0
97.0
65.0
27.0
67.0
34.0
60.0
20.0
16.0
29.0
51.0
53.0
38.0
35.0
26.0
20.0
31.0
20.0
26.0
39.0
30.0
39.0
26.0
69.0
30.0
39.0
13.0
23.0
88.0
44.0
22.0
19.0
50.0
33.0
20.0
47.0
23.0
65.0
48.0
28.0
45.0
39.0
92.0
99.0
53.0
50.0
67.0
32.0
31.0
18.0
39.0
43.0
36.0
31.0
59.0
31.0
54.0
15.0
68.0
18.0
58.0
15.0
29.0
36.0
16.0
24.0
32.0
22.0
11.0
36.0
32.0
68.0
39.0
49.0
20.0
41.0
62.0
56.0
24.0
26.0
24.0
27.0
17.0
28.0
25.0
34.0
37.0
33.0
20.0
81.0
37.0
18.0
60.0
36.0
39.0
82.0
57.0
68.0
15.0
22.0
13.0
18.0
37.0
20.0
82.0
53.0
94.0
36.0
25.0
34.0
38.0
62.0
16.0
44.0
8.0
14.0
26.0
68.0
46.0
22.0
34.0
66.0
63.0
37.0
13.0
81.0
40.0
42.0
100.0
19.0
51.0
41.0
11.0
62.0
27.0
31.0
41.0
36.0
43.0
58.0
43.0
49.0
53.0
17.0
23.0
37.0
91.0
56.0
69.0
44.0
28.0
18.0
28.0
69.0
18.0
223.0
40.0
26.0
57.0
53.0
14.0
44.0
26.0
30.0
19.0
36.0
44.0
78.0
35.0
47.0
18.0
49.0
31.0
31.0
67.0
39.0
51.0
30.0
350.0
53.0
60.0
17.0
44.0
36.0
18.0
22.0
34.0
24.0
9.0
58.0
43.0
18.0
21.0
23.0
72.0
29.0
17.0
9.0
23.0
33.0
24.0
22.0
23.0
41.0
13.0
81.0
24.0
15.0
25.0
29.0
42.0
29.0
73.0
12.0
97.0
25.0
66.0
55.0
18.0
15.0
15.0
12.0
58.0
34.0
48.0
30.0
37.0
27.0
76.0
36.0
19.0
29.0
23.0
47.0
12.0
57.0
13.0
22.0
50.0
34.0
32.0
43.0
47.0
32.0
47.0
47.0
16.0
44.0
23.0
44.0
19.0
54.0
38.0
28.0
25.0
70.0
14.0
11.0
58.0
73.0
88.0
24.0
33.0
21.0
14.0
63.0
44.0
19.0
36.0
35.0
39.0
45.0
23.0
38.0
44.0
37.0
46.0
31.0
41.0
18.0
34.0
33.0
92.0
47.0
43.0
36.0
37.0
21.0
37.0
10.0
19.0
23.0
37.0
54.0
45.0
13.0
64.0
38.0
45.0
28.0
42.0
36.0
90.0
63.0
62.0
17.0
32.0
19.0
14.0
73.0
11.0
23.0
39.0
63.0
53.0
24.0
26.0
40.0
22.0
57.0
50.0
22.0
18.0
30.0
49.0
35.0
31.0
34.0
24.0
23.0
38.0
28.0
83.0
21.0
20.0
42.0
19.0
44.0
15.0
13.0
27.0
20.0
8.0
58.0
34.0
6.0
33.0
20.0
29.0
31.0
50.0
71.0
44.0
23.0
10.0
22.0
25.0
60.0
22.0
14.0
24.0
25.0
10.0
54.0
22.0
31.0
60.0
28.0
95.0
43.0
80.0
43.0
25.0
39.0
15.0
44.0
19.0
75.0
41.0
82.0
40.0
37.0
28.0
51.0
12.0
45.0
52.0
20.0
33.0
49.0
56.0
14.0
58.0
45.0
71.0
60.0
35.0
26.0
47.0
33.0
49.0
40.0
23.0
17.0
34.0
57.0
26.0
24.0
20.0
22.0
32.0
53.0
2.0
15.0
71.0
28.0
43.0
30.0
17.0
39.0
43.0
14.0
22.0
52.0
28.0
29.0
21.0
11.0
78.0
39.0
46.0
38.0
17.0
23.0
15.0
11.0
48.0
20.0
56.0
40.0
36.0
55.0
20.0
16.0
18.0
44.0
39.0
60.0
8.0
58.0
56.0
48.0
22.0
55.0
47.0
15.0
50.0
37.0
33.0
23.0
32.0
31.0
18.0
33.0
29.0
54.0
18.0
11.0
43.0
50.0
22.0
54.0
52.0
29.0
38.0
28.0
41.0
44.0
21.0
27.0
72.0
43.0
22.0
22.0
41.0
13.0
16.0
50.0
13.0
52.0
34.0
14.0
34.0
42.0
45.0
62.0
48.0
30.0
51.0
36.0
23.0
34.0
42.0
38.0
44.0
16.0
52.0
65.0
60.0
20.0
69.0
26.0
36.0
26.0
33.0
11.0
18.0
25.0
26.0
61.0
38.0
35.0
39.0
39.0
19.0
26.0
50.0
46.0
49.0
28.0
97.0
19.0
39.0
36.0
29.0
65.0
29.0
73.0
14.0
68.0
86.0
37.0
16.0
59.0
110.0
48.0
38.0
32.0
57.0
26.0
28.0
66.0
37.0
56.0
25.0
37.0
24.0
33.0
32.0
32.0
17.0
16.0
40.0
26.0
33.0
43.0
67.0
40.0
23.0
13.0
30.0
38.0
14.0
48.0
32.0
34.0
41.0
28.0
38.0
51.0
29.0
23.0
79.0
25.0
28.0
28.0
25.0
34.0
34.0
41.0
26.0
26.0
23.0
85.0
18.0
25.0
80.0
31.0
15.0
44.0
30.0
48.0
41.0
46.0
73.0
76.0
23.0
52.0
25.0
51.0
94.0
30.0
26.0
28.0
20.0
24.0
51.0
56.0
17.0
27.0
30.0
35.0
19.0
28.0
31.0
42.0
55.0
51.0
21.0
40.0
27.0
13.0
77.0
19.0
24.0
28.0
38.0
74.0
28.0
77.0
29.0
27.0
24.0
68.0
33.0
30.0
44.0
20.0
41.0
51.0
33.0
13.0
100.0
13.0
13.0
20.0
32.0
34.0
43.0
26.0
78.0
24.0
28.0
123.0
34.0
44.0
52.0
27.0
61.0
42.0
55.0
30.0
28.0
40.0
40.0
25.0
21.0
13.0
37.0
42.0
46.0
30.0
16.0
18.0
26.0
64.0
36.0
36.0
11.0
43.0
42.0
25.0
20.0
39.0
114.0
112.0
30.0
24.0
55.0
39.0
27.0
14.0
23.0
25.0
20.0
21.0
70.0
128.0
14.0
61.0
62.0
10.0
25.0
30.0
16.0
35.0
46.0
21.0
20.0
19.0
26.0
8.0
56.0
60.0
12.0
39.0
26.0
7.0
22.0
17.0
38.0
12.0
16.0
30.0
39.0
28.0
38.0
15.0
22.0
58.0
45.0
30.0
19.0
55.0
48.0
67.0
33.0
36.0
8.0
25.0
29.0
33.0
30.0
48.0
36.0
47.0
35.0
35.0
32.0
34.0
31.0
29.0
45.0
65.0
52.0
78.0
39.0
56.0
46.0
39.0
55.0
22.0
53.0
32.0
39.0
48.0
64.0
114.0
75.0
39.0
37.0
29.0
30.0
27.0
86.0
61.0
33.0
13.0
64.0
37.0
36.0
142.0
46.0
24.0
31.0
24.0
59.0
50.0
35.0
12.0
19.0
18.0
24.0
22.0
54.0
21.0
12.0
15.0
19.0
13.0
41.0
15.0
38.0
20.0
22.0
26.0
21.0
70.0
16.0
20.0
19.0
29.0
8.0
14.0
32.0
26.0
54.0
13.0
10.0
12.0
18.0
56.0
35.0
9.0
9.0
32.0
30.0
55.0
25.0
71.0
6.0
18.0
67.0
41.0
18.0
22.0
40.0
50.0
38.0
39.0
58.0
21.0
39.0
33.0
50.0
28.0
20.0
39.0
16.0
19.0
30.0
165.0
25.0
108.0
59.0
59.0
34.0
44.0
38.0
39.0
30.0
20.0
23.0
47.0
29.0
37.0
95.0
18.0
13.0
15.0
23.0
29.0
61.0
28.0
63.0
43.0
86.0
26.0
14.0
20.0
38.0
10.0
62.0
56.0
27.0
15.0
86.0
38.0
43.0
31.0
38.0
15.0
23.0
38.0
30.0
40.0
22.0
39.0
55.0
49.0
34.0
17.0
44.0
61.0
29.0
23.0
13.0
16.0
56.0
201.0
17.0
83.0
54.0
29.0
102.0
9.0
38.0
56.0
17.0
62.0
27.0
56.0
38.0
8.0
25.0
75.0
23.0
18.0
14.0
49.0
69.0
36.0
30.0
46.0
43.0
33.0
14.0
86.0
26.0
58.0
24.0
26.0
50.0
46.0
27.0
28.0
11.0
65.0
91.0
28.0
65.0
15.0
13.0
11.0
75.0
22.0
24.0
37.0
34.0
19.0
49.0
80.0
10.0
49.0
19.0
23.0
35.0
23.0
12.0
43.0
17.0
86.0
79.0
30.0
71.0
37.0
17.0
27.0
51.0
33.0
52.0
20.0
37.0
18.0
49.0
15.0
30.0
8.0
34.0
14.0
44.0
32.0
38.0
20.0
23.0
14.0
45.0
17.0
28.0
40.0
51.0
44.0
46.0
68.0
18.0
48.0
11.0
7.0
80.0
32.0
23.0
35.0
48.0
28.0
35.0
41.0
32.0
47.0
18.0
55.0
25.0
41.0
34.0
52.0
64.0
53.0
13.0
47.0
42.0
84.0
30.0
22.0
47.0
59.0
12.0
20.0
19.0
67.0
14.0
35.0
46.0
70.0
40.0
36.0
27.0
94.0
38.0
10.0
41.0
29.0
14.0
37.0
47.0
45.0
23.0
18.0
38.0
62.0
45.0
55.0
42.0
35.0
45.0
50.0
55.0
28.0
61.0
14.0
45.0
66.0
60.0
114.0
52.0
64.0
23.0
11.0
36.0
39.0
24.0
91.0
52.0
44.0
39.0
45.0
34.0
16.0
37.0
11.0
64.0
63.0
44.0
17.0
71.0
19.0
14.0
51.0
47.0
36.0
32.0
45.0
26.0
30.0
11.0
103.0
13.0
28.0
29.0
58.0
31.0
53.0
41.0
34.0
17.0
56.0
42.0
39.0
12.0
40.0
65.0
25.0
78.0
15.0
17.0
44.0
22.0
16.0
67.0
25.0
23.0
21.0
18.0
28.0
9.0
30.0
32.0
66.0
18.0
31.0
58.0
84.0
103.0
30.0
38.0
67.0
15.0
34.0
18.0
41.0
54.0
8.0
21.0
14.0
20.0
35.0
38.0
19.0
35.0
29.0
27.0
26.0
26.0
26.0
27.0
28.0
44.0
55.0
40.0
61.0
17.0
30.0
32.0
19.0
29.0
18.0
18.0
53.0
14.0
39.0
63.0
17.0
41.0
66.0
19.0
62.0
34.0
48.0
69.0
63.0
25.0
78.0
50.0
24.0
37.0
27.0
50.0
54.0
26.0
61.0
47.0
49.0
85.0
32.0
38.0
27.0
57.0
77.0
59.0
24.0
74.0
84.0
23.0
41.0
29.0
27.0
41.0
53.0
58.0
33.0
72.0
42.0
36.0
15.0
202.0
14.0
41.0
34.0
21.0
32.0
55.0
64.0
9.0
77.0
43.0
61.0
46.0
26.0
24.0
42.0
68.0
31.0
33.0
66.0
45.0
51.0
42.0
90.0
24.0
38.0
46.0
23.0
47.0
15.0
45.0
64.0
34.0
20.0
32.0
73.0
21.0
68.0
38.0
32.0
18.0
25.0
20.0
35.0
33.0
38.0
48.0
62.0
33.0
46.0
50.0
46.0
57.0
43.0
39.0
23.0
41.0
54.0
57.0
36.0
37.0
40.0
52.0
29.0
36.0
13.0
42.0
23.0
17.0
77.0
24.0
21.0
27.0
58.0
27.0
25.0
32.0
48.0
10.0
28.0
44.0
63.0
75.0
11.0
78.0
13.0
37.0
18.0
66.0
59.0
26.0
24.0
62.0
37.0
106.0
25.0
41.0
13.0
39.0
56.0
18.0
10.0
19.0
20.0
29.0
11.0
29.0
20.0
67.0
42.0
41.0
39.0
76.0
35.0
53.0
51.0
11.0
28.0
88.0
21.0
27.0
47.0
24.0
54.0
22.0
13.0
15.0
43.0
23.0
33.0
31.0
22.0
13.0
34.0
30.0
28.0
78.0
57.0
43.0
22.0
45.0
54.0
43.0
41.0
83.0
76.0
40.0
57.0
44.0
48.0
25.0
41.0
82.0
41.0
76.0
33.0
75.0
56.0
32.0
16.0
61.0
36.0
31.0
92.0
24.0
45.0
62.0
47.0
27.0
65.0
36.0
73.0
59.0
33.0
76.0
31.0
28.0
63.0
37.0
45.0
51.0
44.0
52.0
29.0
33.0
23.0
39.0
19.0
40.0
35.0
39.0
31.0
23.0
51.0
65.0
31.0
44.0
26.0
11.0
24.0
28.0
39.0
25.0
13.0
26.0
17.0
52.0
33.0
20.0
38.0
58.0
43.0
17.0
39.0
23.0
37.0
38.0
54.0
54.0
62.0
47.0
73.0
15.0
24.0
18.0
17.0
31.0
26.0
32.0
46.0
14.0
25.0
30.0
66.0
16.0
23.0
28.0
18.0
67.0
52.0
14.0
6.0
25.0
7.0
24.0
30.0
52.0
65.0
49.0
28.0
34.0
12.0
45.0
44.0
74.0
21.0
27.0
40.0
17.0
58.0
46.0
14.0
56.0
29.0
34.0
13.0
48.0
35.0
26.0
23.0
38.0
96.0
22.0
42.0
31.0
13.0
37.0
21.0
64.0
44.0
46.0
39.0
33.0
19.0
47.0
46.0
47.0
12.0
52.0
29.0
24.0
27.0
21.0
20.0
71.0
18.0
41.0
28.0
51.0
20.0
12.0
27.0
14.0
53.0
18.0
37.0
23.0
21.0
28.0
38.0
49.0
26.0
54.0
52.0
48.0
15.0
58.0
21.0
33.0
16.0
62.0
55.0
18.0
16.0
43.0
23.0
33.0
57.0
36.0
63.0
39.0
42.0
19.0
19.0
56.0
39.0
16.0
22.0
15.0
39.0
64.0
27.0
10.0
49.0
35.0
30.0
15.0
22.0
19.0
24.0
14.0
24.0
18.0
17.0
25.0
66.0
14.0
61.0
42.0
26.0
33.0
16.0
32.0
50.0
22.0
34.0
52.0
33.0
104.0
38.0
6.0
29.0
27.0
48.0
19.0
46.0
19.0
29.0
32.0
65.0
36.0
34.0
47.0
46.0
32.0
64.0
11.0
18.0
70.0
26.0
10.0
45.0
45.0
45.0
13.0
44.0
50.0
27.0
21.0
10.0
60.0
15.0
49.0
36.0
23.0
68.0
45.0
25.0
61.0
37.0
40.0
57.0
119.0
21.0
39.0
59.0
39.0
56.0
42.0
44.0
39.0
47.0
21.0
36.0
30.0
32.0
30.0
30.0
10.0
53.0
13.0
14.0
32.0
38.0
29.0
23.0
41.0
67.0
32.0
28.0
43.0
15.0
54.0
48.0
110.0
35.0
34.0
24.0
29.0
69.0
45.0
50.0
24.0
14.0
22.0
45.0
39.0
31.0
16.0
43.0
86.0
10.0
36.0
37.0
49.0
48.0
52.0
13.0
46.0
27.0
35.0
21.0
25.0
67.0
68.0
26.0
18.0
58.0
35.0
30.0
26.0
38.0
31.0
49.0
23.0
94.0
40.0
20.0
48.0
111.0
47.0
8.0
112.0
40.0
31.0
15.0
11.0
64.0
25.0
20.0
26.0
19.0
20.0
11.0
47.0
17.0
27.0
27.0
49.0
22.0
26.0
16.0
51.0
31.0
18.0
16.0
66.0
28.0
5.0
27.0
16.0
10.0
14.0
30.0
17.0
14.0
23.0
26.0
31.0
27.0
37.0
9.0
25.0
15.0
6.0
62.0
34.0
47.0
26.0
38.0
69.0
16.0
43.0
14.0
33.0
53.0
15.0
25.0
33.0
44.0
21.0
38.0
15.0
13.0
20.0
29.0
56.0
20.0
32.0
36.0
45.0
34.0
67.0
11.0
35.0
36.0
63.0
38.0
30.0
42.0
20.0
22.0
18.0
20.0
37.0
40.0
16.0
24.0
42.0
16.0
25.0
67.0
20.0
14.0
38.0
30.0
34.0
37.0
92.0
25.0
15.0
26.0
43.0
52.0
24.0
29.0
18.0
70.0
86.0
46.0
14.0
21.0
11.0
61.0
34.0
49.0
43.0
16.0
59.0
22.0
32.0
19.0
12.0
14.0
24.0
36.0
37.0
26.0
16.0
13.0
30.0
29.0
29.0
10.0
16.0
13.0
33.0
36.0
28.0
12.0
28.0
34.0
27.0
31.0
44.0
24.0
13.0
26.0
15.0
35.0
60.0
8.0
12.0
18.0
40.0
33.0
7.0
48.0
55.0
7.0
26.0
13.0
19.0
17.0
36.0
17.0
16.0
11.0
21.0
32.0
7.0
41.0
49.0
19.0
35.0
34.0
20.0
9.0
24.0
20.0
21.0
27.0
18.0
26.0
56.0
49.0
18.0
19.0
49.0
13.0
36.0
6.0
31.0
36.0
10.0
43.0
17.0
16.0
22.0
27.0
17.0
11.0
24.0
24.0
24.0
46.0
15.0
40.0
39.0
26.0
11.0
72.0
25.0
31.0
29.0
18.0
23.0
88.0
55.0
29.0
56.0
33.0
87.0
72.0
24.0
47.0
39.0
44.0
52.0
24.0
45.0
20.0
18.0
16.0
53.0
70.0
32.0
35.0
39.0
54.0
37.0
41.0
41.0
48.0
7.0
41.0
17.0
56.0
42.0
14.0
23.0
38.0
22.0
42.0
20.0
64.0
85.0
47.0
35.0
24.0
27.0
13.0
27.0
20.0
17.0
16.0
28.0
35.0
46.0
9.0
21.0
41.0
11.0
31.0
14.0
25.0
31.0
55.0
29.0
68.0
29.0
48.0
15.0
55.0
84.0
30.0
13.0
41.0
112.0
48.0
12.0
48.0
29.0
26.0
43.0
48.0
33.0
54.0
16.0
31.0
20.0
22.0
65.0
29.0
46.0
19.0
53.0
56.0
30.0
49.0
41.0
36.0
16.0
51.0
40.0
15.0
83.0
28.0
23.0
33.0
33.0
70.0
44.0
45.0
69.0
72.0
261.0
26.0
32.0
57.0
38.0
17.0
21.0
75.0
31.0
71.0
86.0
44.0
58.0
23.0
16.0
35.0
47.0
49.0
67.0
28.0
22.0
42.0
19.0
67.0
19.0
15.0
39.0
31.0
10.0
34.0
29.0
26.0
85.0
20.0
17.0
47.0
47.0
43.0
28.0
21.0
44.0
45.0
26.0
37.0
76.0
63.0
16.0
39.0
44.0
15.0
17.0
24.0
14.0
28.0
29.0
10.0
16.0
89.0
37.0
55.0
28.0
41.0
20.0
36.0
65.0
24.0
29.0
25.0
30.0
16.0
22.0
37.0
14.0
11.0
40.0
34.0
11.0
12.0
16.0
12.0
28.0
37.0
36.0
34.0
15.0
43.0
11.0
26.0
48.0
27.0
34.0
19.0
26.0
48.0
8.0
32.0
69.0
86.0
36.0
35.0
55.0
55.0
41.0
41.0
44.0
65.0
22.0
78.0
26.0
21.0
39.0
20.0
24.0
34.0
71.0
25.0
79.0
28.0
46.0
35.0
37.0
33.0
48.0
22.0
61.0
31.0
56.0
19.0
23.0
37.0
14.0
36.0
41.0
95.0
14.0
62.0
10.0
28.0
78.0
17.0
33.0
47.0
44.0
43.0
36.0
23.0
76.0
11.0
26.0
27.0
34.0
35.0
18.0
57.0
37.0
36.0
30.0
35.0
28.0
40.0
26.0
42.0
31.0
36.0
43.0
28.0
34.0
26.0
22.0
21.0
90.0
26.0
26.0
19.0
38.0
12.0
20.0
20.0
24.0
14.0
9.0
114.0
38.0
38.0
47.0
13.0
50.0
53.0
35.0
16.0
38.0
62.0
17.0
15.0
29.0
37.0
48.0
26.0
41.0
19.0
25.0
42.0
19.0
38.0
47.0
15.0
13.0
53.0
34.0
49.0
18.0
30.0
16.0
51.0
41.0
20.0
19.0
20.0
30.0
23.0
91.0
27.0
25.0
33.0
37.0
57.0
19.0
21.0
58.0
24.0
13.0
64.0
28.0
32.0
47.0
95.0
40.0
80.0
77.0
113.0
56.0
28.0
50.0
41.0
17.0
33.0
34.0
57.0
27.0
12.0
48.0
42.0
76.0
46.0
29.0
42.0
45.0
73.0
77.0
78.0
17.0
22.0
11.0
17.0
18.0
33.0
15.0
14.0
10.0
39.0
24.0
15.0
11.0
12.0
21.0
40.0
24.0
48.0
14.0
9.0
12.0
50.0
45.0
3.0
18.0
30.0
24.0
23.0
45.0
59.0
19.0
34.0
20.0
48.0
36.0
17.0
19.0
22.0
51.0
21.0
26.0
23.0
10.0
16.0
33.0
26.0
51.0
22.0
47.0
28.0
52.0
32.0
43.0
74.0
76.0
48.0
65.0
25.0
17.0
43.0
12.0
24.0
25.0
23.0
64.0
20.0
41.0
52.0
64.0
22.0
47.0
55.0
23.0
38.0
54.0
75.0
28.0
25.0
25.0
23.0
20.0
47.0
46.0
30.0
51.0
77.0
34.0
35.0
34.0
22.0
50.0
35.0
100.0
24.0
13.0
24.0
24.0
39.0
58.0
44.0
22.0
29.0
24.0
20.0
41.0
53.0
19.0
34.0
34.0
26.0
17.0
17.0
56.0
23.0
14.0
52.0
38.0
23.0
19.0
15.0
19.0
34.0
30.0
33.0
21.0
39.0
53.0
49.0
16.0
22.0
38.0
48.0
56.0
45.0
19.0
32.0
25.0
24.0
80.0
45.0
73.0
30.0
36.0
14.0
9.0
23.0
68.0
50.0
22.0
12.0
26.0
45.0
48.0
21.0
24.0
86.0
58.0
19.0
28.0
34.0
65.0
44.0
27.0
25.0
21.0
35.0
23.0
56.0
26.0
32.0
45.0
19.0
21.0
20.0
34.0
34.0
4.0
20.0
23.0
12.0
76.0
13.0
14.0
14.0
18.0
10.0
16.0
37.0
22.0
23.0
7.0
18.0
39.0
18.0
7.0
8.0
35.0
28.0
32.0
24.0
31.0
32.0
11.0
19.0
30.0
25.0
18.0
31.0
12.0
32.0
28.0
25.0
25.0
56.0
39.0
72.0
8.0
11.0
26.0
32.0
26.0
9.0
9.0
21.0
20.0
24.0
9.0
25.0
13.0
62.0
17.0
46.0
24.0
47.0
43.0
38.0
77.0
45.0
15.0
19.0
75.0
26.0
64.0
97.0
16.0
36.0
27.0
64.0
45.0
11.0
55.0
13.0
31.0
14.0
60.0
53.0
50.0
27.0
19.0
38.0
68.0
18.0
44.0
44.0
43.0
76.0
40.0
47.0
78.0
17.0
20.0
43.0
43.0
88.0
103.0
18.0
48.0
50.0
12.0
19.0
6.0
71.0
27.0
38.0
30.0
10.0
54.0
16.0
22.0
40.0
77.0
46.0
17.0
23.0
13.0
64.0
40.0
43.0
33.0
22.0
16.0
17.0
24.0
55.0
81.0
15.0
62.0
22.0
22.0
25.0
17.0
42.0
69.0
12.0
33.0
25.0
49.0
35.0
40.0
6.0
13.0
54.0
28.0
24.0
44.0
16.0
25.0
36.0
28.0
53.0
80.0
105.0
19.0
23.0
18.0
23.0
55.0
51.0
26.0
22.0
42.0
58.0
61.0
61.0
31.0
24.0
12.0
84.0
63.0
51.0
16.0
37.0
26.0
51.0
90.0
41.0
17.0
35.0
70.0
51.0
35.0
46.0
30.0
17.0
19.0
63.0
66.0
31.0
35.0
15.0
15.0
55.0
26.0
49.0
14.0
23.0
12.0
44.0
19.0
15.0
30.0
49.0
14.0
48.0
25.0
75.0
16.0
67.0
8.0
18.0
40.0
8.0
28.0
24.0
81.0
32.0
16.0
43.0
46.0
18.0
29.0
47.0
29.0
17.0
20.0
35.0
54.0
46.0
67.0
9.0
45.0
58.0
27.0
17.0
63.0
50.0
27.0
27.0
36.0
32.0
41.0
39.0
99.0
39.0
16.0
62.0
19.0
17.0
20.0
63.0
16.0
26.0
51.0
46.0
37.0
61.0
53.0
39.0
55.0
40.0
20.0
41.0
24.0
34.0
49.0
13.0
194.0
64.0
66.0
42.0
58.0
57.0
48.0
59.0
90.0
12.0
29.0
33.0
25.0
30.0
48.0
19.0
65.0
66.0
24.0
15.0
26.0
43.0
39.0
66.0
33.0
11.0
26.0
41.0
20.0
40.0
32.0
38.0
26.0
47.0
24.0
13.0
24.0
45.0
58.0
30.0
18.0
36.0
31.0
30.0
191.0
44.0
32.0
33.0
12.0
43.0
57.0
18.0
54.0
39.0
54.0
28.0
24.0
49.0
27.0
40.0
19.0
26.0
39.0
102.0
75.0
40.0
51.0
54.0
13.0
63.0
55.0
53.0
23.0
26.0
7.0
73.0
28.0
42.0
37.0
